<?xml version="1.0" encoding="UTF-8"?>
<BorderFile Version="3" Structure="CORTEX_LEFT" SurfaceNumberOfVertices="32492">
    <MetaData>
        <MD>
            <Name>ParentProvenance</Name>
            <Value>MacBS30/MNINonLinear/fsaverage_LR32k/Mac30BS.L.midthickness.32k_fs_LR.surf.gii:
/mnt/pub/devel/workbench/release/1.4.1/centos/workbench/bin_rh_linux64/../exe_rh_linux64/wb_command -surface-average /mnt/proj/riken-wustl/Macaque_Q1.1/HCP-RIKEN/Mac33Sedated30/MNINonLinear/fsaverage_LR32k/Mac33Sedated30.L.midthickness.32k_fs_LR.surf.gii -uncertainty /mnt/proj/riken-wustl/Macaque_Q1.1/HCP-RIKEN/Mac33Sedated30/MNINonLinear/fsaverage_LR32k/Mac33Sedated30.L.midthickness_uncertainty.32k_fs_LR.shape.gii -stddev /mnt/proj/riken-wustl/Macaque_Q1.1/HCP-RIKEN/Mac33Sedated30/MNINonLinear/fsaverage_LR32k/Mac33Sedated30.L.midthickness_std.32k_fs_LR.shape.gii -surf /mnt/proj/riken-wustl/Macaque_Q1.1/HCP-RIKEN/A16101401/MNINonLinear/fsaverage_LR32k/A16101401.L.midthickness.32k_fs_LR.surf.gii -surf /mnt/proj/riken-wustl/Macaque_Q1.1/HCP-RIKEN/A16111101/MNINonLinear/fsaverage_LR32k/A16111101.L.midthickness.32k_fs_LR.surf.gii -surf /mnt/proj/riken-wustl/Macaque_Q1.1/HCP-RIKEN/A16111701/MNINonLinear/fsaverage_LR32k/A16111701.L.midthickness.32k_fs_LR.surf.gii -surf /mnt/proj/riken-wustl/Macaque_Q1.1/HCP-RIKEN/A16120701/MNINonLinear/fsaverage_LR32k/A16120701.L.midthickness.32k_fs_LR.surf.gii -surf /mnt/proj/riken-wustl/Macaque_Q1.1/HCP-RIKEN/A16121502/MNINonLinear/fsaverage_LR32k/A16121502.L.midthickness.32k_fs_LR.surf.gii -surf /mnt/proj/riken-wustl/Macaque_Q1.1/HCP-RIKEN/A16121601/MNINonLinear/fsaverage_LR32k/A16121601.L.midthickness.32k_fs_LR.surf.gii -surf /mnt/proj/riken-wustl/Macaque_Q1.1/HCP-RIKEN/A16121602/MNINonLinear/fsaverage_LR32k/A16121602.L.midthickness.32k_fs_LR.surf.gii -surf /mnt/proj/riken-wustl/Macaque_Q1.1/HCP-RIKEN/A16122101/MNINonLinear/fsaverage_LR32k/A16122101.L.midthickness.32k_fs_LR.surf.gii -surf /mnt/proj/riken-wustl/Macaque_Q1.1/HCP-RIKEN/A16122102/MNINonLinear/fsaverage_LR32k/A16122102.L.midthickness.32k_fs_LR.surf.gii -surf /mnt/proj/riken-wustl/Macaque_Q1.1/HCP-RIKEN/A16122201/MNINonLinear/fsaverage_LR32k/A16122201.L.midthickness.32k_fs_LR.surf.gii -surf /mnt/proj/riken-wustl/Macaque_Q1.1/HCP-RIKEN/A16122202/MNINonLinear/fsaverage_LR32k/A16122202.L.midthickness.32k_fs_LR.surf.gii -surf /mnt/proj/riken-wustl/Macaque_Q1.1/HCP-RIKEN/A17013101/MNINonLinear/fsaverage_LR32k/A17013101.L.midthickness.32k_fs_LR.surf.gii -surf /mnt/proj/riken-wustl/Macaque_Q1.1/HCP-RIKEN/A17020201/MNINonLinear/fsaverage_LR32k/A17020201.L.midthickness.32k_fs_LR.surf.gii -surf /mnt/proj/riken-wustl/Macaque_Q1.1/HCP-RIKEN/A17020301/MNINonLinear/fsaverage_LR32k/A17020301.L.midthickness.32k_fs_LR.surf.gii -surf /mnt/proj/riken-wustl/Macaque_Q1.1/HCP-RIKEN/A17021401/MNINonLinear/fsaverage_LR32k/A17021401.L.midthickness.32k_fs_LR.surf.gii -surf /mnt/proj/riken-wustl/Macaque_Q1.1/HCP-RIKEN/A17030301/MNINonLinear/fsaverage_LR32k/A17030301.L.midthickness.32k_fs_LR.surf.gii -surf /mnt/proj/riken-wustl/Macaque_Q1.1/HCP-RIKEN/A17030801/MNINonLinear/fsaverage_LR32k/A17030801.L.midthickness.32k_fs_LR.surf.gii -surf /mnt/proj/riken-wustl/Macaque_Q1.1/HCP-RIKEN/A17031501/MNINonLinear/fsaverage_LR32k/A17031501.L.midthickness.32k_fs_LR.surf.gii -surf /mnt/proj/riken-wustl/Macaque_Q1.1/HCP-RIKEN/A17040401/MNINonLinear/fsaverage_LR32k/A17040401.L.midthickness.32k_fs_LR.surf.gii -surf /mnt/proj/riken-wustl/Macaque_Q1.1/HCP-RIKEN/A17042001/MNINonLinear/fsaverage_LR32k/A17042001.L.midthickness.32k_fs_LR.surf.gii -surf /mnt/proj/riken-wustl/Macaque_Q1.1/HCP-RIKEN/A17070701/MNINonLinear/fsaverage_LR32k/A17070701.L.midthickness.32k_fs_LR.surf.gii -surf /mnt/proj/riken-wustl/Macaque_Q1.1/HCP-RIKEN/A17080201/MNINonLinear/fsaverage_LR32k/A17080201.L.midthickness.32k_fs_LR.surf.gii -surf /mnt/proj/riken-wustl/Macaque_Q1.1/HCP-RIKEN/A18012602/MNINonLinear/fsaverage_LR32k/A18012602.L.midthickness.32k_fs_LR.surf.gii -surf /mnt/proj/riken-wustl/Macaque_Q1.1/HCP-RIKEN/A18021502/MNINonLinear/fsaverage_LR32k/A18021502.L.midthickness.32k_fs_LR.surf.gii -surf /mnt/proj/riken-wustl/Macaque_Q1.1/HCP-RIKEN/A18022202/MNINonLinear/fsaverage_LR32k/A18022202.L.midthickness.32k_fs_LR.surf.gii -surf /mnt/proj/riken-wustl/Macaque_Q1.1/HCP-RIKEN/A18022301/MNINonLinear/fsaverage_LR32k/A18022301.L.midthickness.32k_fs_LR.surf.gii -surf /mnt/proj/riken-wustl/Macaque_Q1.1/HCP-RIKEN/A18030201/MNINonLinear/fsaverage_LR32k/A18030201.L.midthickness.32k_fs_LR.surf.gii -surf /mnt/proj/riken-wustl/Macaque_Q1.1/HCP-RIKEN/A18030901/MNINonLinear/fsaverage_LR32k/A18030901.L.midthickness.32k_fs_LR.surf.gii -surf /mnt/proj/riken-wustl/Macaque_Q1.1/HCP-RIKEN/A18031601/MNINonLinear/fsaverage_LR32k/A18031601.L.midthickness.32k_fs_LR.surf.gii -surf /mnt/proj/riken-wustl/Macaque_Q1.1/HCP-RIKEN/A18041901/MNINonLinear/fsaverage_LR32k/A18041901.L.midthickness.32k_fs_LR.surf.gii

/mnt/pub/MRI/Macaque/Donahue_et_al_2016_Journal_of_Neuroscience_W336/data/MarkovCC12_M132_91-area.32k_fs_LR.L.label.gii:
/usr/local/workbench/bin_rh_linux64/../exe_rh_linux64/wb_command -gifti-label-add-prefix /mnt/pub/MRI/M.Mulatta/Donahue_et_al_2016_Journal_of_Neuroscience_W336/data/MarkovCC12_M132_91-area.32k_fs_LR.L.label.gii L_ /mnt/pub/MRI/M.Mulatta/Donahue_et_al_2016_Journal_of_Neuroscience_W336/data/MarkovCC12_M132_91-area.32k_fs_LR.L.label.gii

</Value>
        </MD>
        <MD>
            <Name>ProgramProvenance</Name>
            <Value>Connectome Workbench
Type: Command Line Application
Version: 1.4.2
Qt Compiled Version: 5.7.0
Qt Runtime Version: 5.7.0
Commit: ef20a6df3c63500432eee6b1742ac22a00b9a2f0
Commit Date: 2020-02-12 15:40:04 -0600
Compiled with OpenMP: YES
Compiler: g++ (/home/caret/gcc/install/gcc-4.8.5/bin)
Compiler Version: 4.8.5
Compiled Debug: NO
Operating System: Linux
</Value>
        </MD>
        <MD>
            <Name>Provenance</Name>
            <Value>/mnt/pub/devel/workbench/release/1.4.2/Ubuntu/workbench/bin_linux64/../exe_linux64/wb_command -label-to-border MacBS30/MNINonLinear/fsaverage_LR32k/Mac30BS.L.midthickness.32k_fs_LR.surf.gii /mnt/pub/MRI/Macaque/Donahue_et_al_2016_Journal_of_Neuroscience_W336/data/MarkovCC12_M132_91-area.32k_fs_LR.L.label.gii MacBS30/MNINonLinear/fsaverage_LR32k/MarkovCC12_M132_91-area.32k_fs_LR.L.border</Value>
        </MD>
        <MD>
            <Name>WorkingDirectory</Name>
            <Value>/mnt/user/hayashi/Figures/Hayashi_et_al_Perspective2020/Figure3</Value>
        </MD>
    </MetaData>
    <Class Name="#1" Red="0" Green="0" Blue="0">
        <Border Name="L_1" Red="1" Green="0.466667" Blue="0.478431">
            <BorderPart Closed="True">
                <Vertices>3465 3464 4852
3465 4852 4870
3465 4870 4852
3466 4870 4887
4887 4870 4869
4887 4869 4886
4887 4886 4869
4903 4886 4902
4902 4886 4885
4885 4886 4868
4885 4868 4867
4885 4867 4884
4884 4867 4866
4866 4867 4848
4866 4848 4847
4866 4847 4865
4866 4865 4847
4883 4865 4882
4882 4865 4864
4882 4864 4881
4881 4864 4863
4881 4863 4880
4881 4880 4863
4881 4897 4880
4898 4897 4881
4898 4913 4897
4914 4913 4898
4914 4928 4913
4914 4929 4928
4915 4929 4914
4930 4929 4915
4930 4943 4929
4930 4944 4943
4931 4944 4930
4945 4944 4931
4945 4957 4944
4945 3471 4957
3470 3471 4945
6585 3471 3470
6585 6598 3471
6586 6598 6585
6586 6599 6598
6586 6587 6573
6573 6587 6586
6574 6587 6573
6574 6588 6587
6574 6575 6560
6560 6575 6574
6560 6561 6545
6560 6545 6544
6544 6545 6528
6528 6545 6544
6528 6529 6511
6528 6511 6510
6528 6510 6527
6527 6510 6509
6509 6510 6491
6491 6510 6509
6491 6492 6472
6472 6492 6491
6472 6473 6452
6452 6473 6472
6452 6453 6431
6431 6453 6452
6431 6432 6409
6409 6432 6431
6409 6410 6386
6386 6410 6409
6386 6387 6362
6362 6387 6386
6363 6387 6362
6363 6388 6387
6363 6364 6338
6338 6364 6363
6338 6339 6312
6312 6339 6338
6312 6313 6285
6285 6313 6312
6285 6286 6257
6257 6286 6285
6257 6258 6228
6228 6258 6257
6228 6229 6198
6198 6229 6228
6198 6199 6167
6167 6199 6198
6167 6168 6135
6135 6168 6167
6135 6136 6102
6102 6136 6135
6103 6136 6102
6103 6137 6136
6103 6104 6069
6069 6104 6103
6069 6070 6034
6034 6070 6069
6035 6070 6034
6035 6071 6070
6035 6036 5999
5999 6036 6035
6000 6036 5999
6000 6037 6036
6000 6001 5963
5963 6001 6000
5964 6001 5963
5964 6002 6001
5965 6002 5964
5965 6003 6002
5965 5966 5927
5927 5966 5965
5927 5928 5888
5888 5928 5927
5889 5928 5888
5889 5929 5928
5890 5929 5889
5890 5930 5929
5890 5891 5850
5850 5891 5890
5851 5891 5850
5851 5892 5891
5852 5892 5851
5852 5893 5892
5852 5853 5811
5811 5853 5852
5812 5853 5811
5812 5854 5853
5812 5813 5770
5770 5813 5812
5771 5813 5770
5771 5814 5813
5772 5814 5771
5772 5093 5814
5772 5092 5729
5729 5092 5772
5729 5091 5685
5685 5091 5729
5090 5091 5685
5090 30896 30906
30906 30896 30895
30906 30895 30905
30906 30905 30895
30915 30905 30914
30915 30914 30905
30923 30914 30922
30922 30914 30913
30922 30913 30921
30922 30921 30913
30929 30921 30928
30929 30928 30921
30935 30928 30934
30934 30928 30927
30927 30928 30920
30927 30920 30919
30927 30919 30926
30926 30919 30918
30926 30918 30925
30926 30925 30918
30932 30925 30931
30932 30931 30925
30937 30931 18189
18189 30931 18190
18190 30931 30924
18190 30924 18191
18191 30924 30916
18191 30916 18192
18191 18192 19751
19751 18192 19743
19743 18192 19751
19743 18193 19734
19743 19734 19733
19733 19734 19723
19733 19723 19722
19722 19723 19711
19711 19723 19722
19711 19712 19699
19711 19699 19698
19698 19699 19685
19698 19685 19684
19684 19685 19670
19670 19685 19684
19670 19671 19655
19670 19655 19654
19654 19655 19638
19654 19638 19637
19637 19638 19620
19637 19620 19619
19619 19620 19601
19619 19601 19600
19600 19601 19581
19600 19581 19580
19580 19581 19560
19580 19560 19559
19559 19560 19538
19538 19560 19559
19538 19539 19516
19538 19516 19515
19538 19515 19537
19537 19515 19514
19514 19515 19491
19514 19491 19490
19490 19491 19466
19466 19491 19490
19466 19467 19441
19466 19441 19440
19466 19440 19465
19465 19440 19439
19465 19439 19464
19465 19464 19439
19489 19464 19488
19488 19464 19463
19488 19463 19487
19488 19487 19463
19511 19487 19510
19511 19510 19487
19511 19533 19510
19534 19533 19511
19555 19533 19554
19555 19554 19533
19575 19554 19574
19575 19574 19554
19575 19594 19574
19595 19594 19575
19613 19594 19612
19613 19612 19594
19630 19612 19629
19630 19629 19612
19630 19646 19629
19647 19646 19630
19647 19662 19646
19647 19663 19662
19648 19663 19647
19664 19663 19648
19664 19678 19663
19679 19678 19664
19679 19692 19678
19693 19692 19679
19693 19705 19692
19706 19705 19693
19706 19717 19705
19706 19718 19717
19707 19718 19706
19719 19718 19707
19729 19718 19728
19729 19728 19718
19729 19738 19728
19739 19738 19729
19747 19738 19746
19747 19746 19738
19747 19754 19746
19755 19754 19747
19761 19754 19760
19761 19760 19754
19761 19766 19760
19761 19767 19766
19762 19767 19761
19768 19767 19762
19772 19767 19771
19772 19771 19767
19772 19775 19771
19776 19775 19772
19776 19778 19775
18186 19778 19776
18186 18185 19778
30949 18185 18186
30949 30951 18185
30950 30951 30949
30950 5081 30951
30950 5082 30948
30948 5082 30950
30948 5083 30945
30945 5083 30948
5084 5083 5349
5084 5349 5400
5400 5349 5348
5400 5348 5399
5400 5399 5348
5450 5399 5449
5450 5449 5399
5499 5449 5498
5498 5449 5448
5498 5448 5497
5497 5448 5447
5497 5447 5496
5497 5496 5447
5545 5496 5544
5545 5544 5496
5592 5544 5591
5591 5544 5543
5591 5543 5590
5590 5543 5542
5590 5542 5589
5590 5589 5542
5636 5589 5635
5636 5635 5589
5681 5635 5680
5680 5635 5634
5680 5634 5679
5679 5634 5633
5679 5633 5678
5679 5678 5633
5723 5678 5722
5723 5722 5678
5766 5722 5765
5765 5722 5721
5765 5721 5764
5764 5721 5720
5764 5720 5763
5764 5763 5720
5806 5763 5805
5806 5805 5763
5847 5805 5846
5846 5805 5804
5846 5804 5845
5845 5804 5803
5845 5803 5844
5845 5844 5803
5845 5885 5844
5886 5885 5845
5925 5885 5924
5924 5885 5884
5924 5884 5923
5924 5923 5884
5962 5923 5961
5961 5923 5922
5961 5922 5960
5961 5960 5922
5998 5960 5997
5998 5997 5960
6034 5997 6033
6034 6033 5997
6069 6033 6068
6068 6033 6032
6068 6032 6067
6068 6067 6032
6102 6067 6101
6101 6067 6066
6101 6066 6100
6101 6100 6066
6134 6100 6133
6134 6133 6100
6166 6133 6165
6166 6165 6133
6197 6165 6196
6197 6196 6165
6227 6196 6226
6227 6226 6196
6256 6226 6255
6256 6255 6226
6284 6255 6283
6284 6283 6255
6311 6283 6310
6311 6310 6283
6337 6310 6336
6336 6310 6309
6336 6309 6335
6336 6335 6309
6361 6335 6360
6361 6360 6335
6385 6360 6384
6385 6384 6360
6408 6384 6407
6407 6384 6383
6407 6383 6406
6407 6406 6383
6429 6406 6428
6428 6406 6405
6428 6405 6427
6428 6427 6405
6449 6427 6448
6449 6448 6427
6469 6448 6468
6468 6448 6447
6468 6447 6467
6468 6467 6447
6487 6467 6486
6486 6467 6466
6486 6466 3464
6486 3464 6466
</Vertices>
                <Weights>0.67 0.33 0
0.67 0.33 0
0.67 0.33 0
0.67 0.33 0
0.67 0.33 0
0.67 0.33 0
0.67 0.33 0
0.67 0.33 0
0.67 0.33 0
0.67 0.33 0
0.67 0.33 0
0.67 0.33 0
0.67 0.33 0
0.67 0.33 0
0.67 0.33 0
0.67 0.33 0
0.67 0.33 0
0.67 0.33 0
0.67 0.33 0
0.67 0.33 0
0.67 0.33 0
0.67 0.33 0
0.67 0.33 0
0.67 0.33 0
0.67 0.33 0
0.67 0.33 0
0.67 0.33 0
0.67 0.33 0
0.67 0.33 0
0.67 0.33 0
0.67 0.33 0
0.67 0.33 0
0.67 0.33 0
0.67 0.33 0
0.67 0.33 0
0.67 0.33 0
0.67 0.33 0
0.67 0.33 0
0.67 0.33 0
0.67 0.33 0
0.67 0.33 0
0.67 0.33 0
0.67 0.33 0
0.67 0.33 0
0.67 0.33 0
0.67 0.33 0
0.67 0.33 0
0.67 0.33 0
0.67 0.33 0
0.67 0.33 0
0.67 0.33 0
0.67 0.33 0
0.67 0.33 0
0.67 0.33 0
0.67 0.33 0
0.67 0.33 0
0.67 0.33 0
0.67 0.33 0
0.67 0.33 0
0.67 0.33 0
0.67 0.33 0
0.67 0.33 0
0.67 0.33 0
0.67 0.33 0
0.67 0.33 0
0.67 0.33 0
0.67 0.33 0
0.67 0.33 0
0.67 0.33 0
0.67 0.33 0
0.67 0.33 0
0.67 0.33 0
0.67 0.33 0
0.67 0.33 0
0.67 0.33 0
0.67 0.33 0
0.67 0.33 0
0.67 0.33 0
0.67 0.33 0
0.67 0.33 0
0.67 0.33 0
0.67 0.33 0
0.67 0.33 0
0.67 0.33 0
0.67 0.33 0
0.67 0.33 0
0.67 0.33 0
0.67 0.33 0
0.67 0.33 0
0.67 0.33 0
0.67 0.33 0
0.67 0.33 0
0.67 0.33 0
0.67 0.33 0
0.67 0.33 0
0.67 0.33 0
0.67 0.33 0
0.67 0.33 0
0.67 0.33 0
0.67 0.33 0
0.67 0.33 0
0.67 0.33 0
0.67 0.33 0
0.67 0.33 0
0.67 0.33 0
0.67 0.33 0
0.67 0.33 0
0.67 0.33 0
0.67 0.33 0
0.67 0.33 0
0.67 0.33 0
0.67 0.33 0
0.67 0.33 0
0.67 0.33 0
0.67 0.33 0
0.67 0.33 0
0.67 0.33 0
0.67 0.33 0
0.67 0.33 0
0.67 0.33 0
0.67 0.33 0
0.67 0.33 0
0.67 0.33 0
0.67 0.33 0
0.67 0.33 0
0.67 0.33 0
0.67 0.33 0
0.67 0.33 0
0.67 0.33 0
0.67 0.33 0
0.67 0.33 0
0.67 0.33 0
0.67 0.33 0
0.67 0.33 0
0.67 0.33 0
0.67 0.33 0
0.67 0.33 0
0.67 0.33 0
0.67 0.33 0
0.67 0.33 0
0.67 0.33 0
0.67 0.33 0
0.67 0.33 0
0.67 0.33 0
0.67 0.33 0
0.67 0.33 0
0.67 0.33 0
0.67 0.33 0
0.67 0.33 0
0.67 0.33 0
0.67 0.33 0
0.67 0.33 0
0.67 0.33 0
0.67 0.33 0
0.67 0.33 0
0.67 0.33 0
0.67 0.33 0
0.67 0.33 0
0.67 0.33 0
0.67 0.33 0
0.67 0.33 0
0.67 0.33 0
0.67 0.33 0
0.67 0.33 0
0.67 0.33 0
0.67 0.33 0
0.67 0.33 0
0.67 0.33 0
0.67 0.33 0
0.67 0.33 0
0.67 0.33 0
0.67 0.33 0
0.67 0.33 0
0.67 0.33 0
0.67 0.33 0
0.67 0.33 0
0.67 0.33 0
0.67 0.33 0
0.67 0.33 0
0.67 0.33 0
0.67 0.33 0
0.67 0.33 0
0.67 0.33 0
0.67 0.33 0
0.67 0.33 0
0.67 0.33 0
0.67 0.33 0
0.67 0.33 0
0.67 0.33 0
0.67 0.33 0
0.67 0.33 0
0.67 0.33 0
0.67 0.33 0
0.67 0.33 0
0.67 0.33 0
0.67 0.33 0
0.67 0.33 0
0.67 0.33 0
0.67 0.33 0
0.67 0.33 0
0.67 0.33 0
0.67 0.33 0
0.67 0.33 0
0.67 0.33 0
0.67 0.33 0
0.67 0.33 0
0.67 0.33 0
0.67 0.33 0
0.67 0.33 0
0.67 0.33 0
0.67 0.33 0
0.67 0.33 0
0.67 0.33 0
0.67 0.33 0
0.67 0.33 0
0.67 0.33 0
0.67 0.33 0
0.67 0.33 0
0.67 0.33 0
0.67 0.33 0
0.67 0.33 0
0.67 0.33 0
0.67 0.33 0
0.67 0.33 0
0.67 0.33 0
0.67 0.33 0
0.67 0.33 0
0.67 0.33 0
0.67 0.33 0
0.67 0.33 0
0.67 0.33 0
0.67 0.33 0
0.67 0.33 0
0.67 0.33 0
0.67 0.33 0
0.67 0.33 0
0.67 0.33 0
0.67 0.33 0
0.67 0.33 0
0.67 0.33 0
0.67 0.33 0
0.67 0.33 0
0.67 0.33 0
0.67 0.33 0
0.67 0.33 0
0.67 0.33 0
0.67 0.33 0
0.67 0.33 0
0.67 0.33 0
0.67 0.33 0
0.67 0.33 0
0.67 0.33 0
0.67 0.33 0
0.67 0.33 0
0.67 0.33 0
0.67 0.33 0
0.67 0.33 0
0.67 0.33 0
0.67 0.33 0
0.67 0.33 0
0.67 0.33 0
0.67 0.33 0
0.67 0.33 0
0.67 0.33 0
0.67 0.33 0
0.67 0.33 0
0.67 0.33 0
0.67 0.33 0
0.67 0.33 0
0.67 0.33 0
0.67 0.33 0
0.67 0.33 0
0.67 0.33 0
0.67 0.33 0
0.67 0.33 0
0.67 0.33 0
0.67 0.33 0
0.67 0.33 0
0.67 0.33 0
0.67 0.33 0
0.67 0.33 0
0.67 0.33 0
0.67 0.33 0
0.67 0.33 0
0.67 0.33 0
0.67 0.33 0
0.67 0.33 0
0.67 0.33 0
0.67 0.33 0
0.67 0.33 0
0.67 0.33 0
0.67 0.33 0
0.67 0.33 0
0.67 0.33 0
0.67 0.33 0
0.67 0.33 0
0.67 0.33 0
0.67 0.33 0
0.67 0.33 0
0.67 0.33 0
0.67 0.33 0
0.67 0.33 0
0.67 0.33 0
0.67 0.33 0
0.67 0.33 0
0.67 0.33 0
0.67 0.33 0
0.67 0.33 0
0.67 0.33 0
0.67 0.33 0
0.67 0.33 0
0.67 0.33 0
0.67 0.33 0
0.67 0.33 0
0.67 0.33 0
0.67 0.33 0
0.67 0.33 0
0.67 0.33 0
0.67 0.33 0
0.67 0.33 0
0.67 0.33 0
0.67 0.33 0
0.67 0.33 0
0.67 0.33 0
0.67 0.33 0
0.67 0.33 0
0.67 0.33 0
0.67 0.33 0
0.67 0.33 0
0.67 0.33 0
0.67 0.33 0
0.67 0.33 0
0.67 0.33 0
0.67 0.33 0
0.67 0.33 0
0.67 0.33 0
0.67 0.33 0
0.67 0.33 0
0.67 0.33 0
0.67 0.33 0
0.67 0.33 0
0.67 0.33 0
0.67 0.33 0
0.67 0.33 0
0.67 0.33 0
0.67 0.33 0
0.67 0.33 0
0.67 0.33 0
0.67 0.33 0
0.67 0.33 0
0.67 0.33 0
0.67 0.33 0
0.67 0.33 0
0.67 0.33 0
0.67 0.33 0
0.67 0.33 0
0.67 0.33 0
0.67 0.33 0
0.67 0.33 0
0.67 0.33 0
0.67 0.33 0
0.67 0.33 0
0.67 0.33 0
0.67 0.33 0
0.67 0.33 0
0.67 0.33 0
0.67 0.33 0
0.67 0.33 0
0.67 0.33 0
0.67 0.33 0
0.67 0.33 0
0.67 0.33 0
0.67 0.33 0
0.67 0.33 0
0.67 0.33 0
0.67 0.33 0
0.67 0.33 0
0.67 0.33 0
</Weights>
            </BorderPart>
        </Border>
        <Border Name="L_2" Red="0.627451" Green="0" Blue="0.266667">
            <BorderPart Closed="True">
                <Vertices>2 6732 5079
5079 6732 8327
5079 8327 5078
5079 5078 5190
5190 5078 5189
5189 5078 5077
5189 5077 5188
5189 5188 5077
5243 5188 5242
5243 5242 5188
5296 5242 5295
5295 5242 5241
5295 5241 5294
5295 5294 5241
5347 5294 5346
5346 5294 5293
5346 5293 5345
5346 5345 5293
5397 5345 5396
5396 5345 5344
5396 5344 5395
5395 5344 5343
5395 5343 5394
5395 5394 5343
5445 5394 5444
5444 5394 5393
5393 5394 5342
5393 5342 5341
5393 5341 5392
5393 5392 5341
5443 5392 5442
5443 5442 5392
5492 5442 5491
5491 5442 5441
5441 5442 5391
5441 5391 5390
5441 5390 5440
5441 5440 5390
5490 5440 5489
5490 5489 5440
5538 5489 5537
5537 5489 5488
5537 5488 5536
5536 5488 5487
5536 5487 5535
5536 5535 5487
5583 5535 5582
5583 5582 5535
5629 5582 5628
5629 5628 5582
5674 5628 5673
5673 5628 5627
5673 5627 5672
5673 5672 5627
5717 5672 5716
5717 5716 5672
5717 5760 5716
5761 5760 5717
5803 5760 5802
5802 5760 5759
5802 5759 5801
5802 5801 5759
5843 5801 5842
5842 5801 5800
5842 5800 5841
5842 5841 5800
5882 5841 5881
5882 5881 5841
5921 5881 5920
5920 5881 5880
5920 5880 5919
5920 5919 5880
5958 5919 5957
5958 5957 5919
5995 5957 5994
5994 5957 5956
5994 5956 5993
5994 5993 5956
6030 5993 6029
6029 5993 5992
6029 5992 6028
6029 6028 5992
6064 6028 6063
6064 6063 6028
6098 6063 6097
6097 6063 6062
6097 6062 6096
6097 6096 6062
6130 6096 6129
6130 6129 6096
6162 6129 6161
6162 6161 6129
6193 6161 6192
6193 6192 6161
6223 6192 6222
6222 6192 6191
6222 6191 6221
6222 6221 6191
6251 6221 6250
6250 6221 6220
6250 6220 6249
6250 6249 6220
6278 6249 6277
6277 6249 6248
6277 6248 6276
6276 6248 6247
6276 6247 6275
6275 6247 6246
6275 6246 6274
6274 6246 6245
6274 6245 6273
6273 6245 6244
6273 6244 6272
6272 6244 6243
6272 6243 6271
6272 6271 6243
6272 6299 6271
6300 6299 6272
6326 6299 6325
6326 6325 6299
6326 6351 6325
6352 6351 6326
6352 6376 6351
6377 6376 6352
6400 6376 3460
6400 3460 6376
6400 3461 3460
6423 3461 6400
6423 3462 3461
6445 3462 6423
6445 3463 3462
6466 3463 6445
6466 3464 3463
6466 6486 3464
6467 6486 6466
6467 6487 6486
6467 6468 6447
6447 6468 6467
6448 6468 6447
6448 6469 6468
6448 6449 6427
6427 6449 6448
6427 6428 6405
6405 6428 6427
6406 6428 6405
6406 6429 6428
6406 6407 6383
6383 6407 6406
6384 6407 6383
6384 6408 6407
6384 6385 6360
6360 6385 6384
6360 6361 6335
6335 6361 6360
6335 6336 6309
6309 6336 6335
6310 6336 6309
6310 6337 6336
6310 6311 6283
6283 6311 6310
6283 6284 6255
6255 6284 6283
6255 6256 6226
6226 6256 6255
6226 6227 6196
6196 6227 6226
6196 6197 6165
6165 6197 6196
6165 6166 6133
6133 6166 6165
6133 6134 6100
6100 6134 6133
6100 6101 6066
6066 6101 6100
6067 6101 6066
6067 6102 6101
6067 6068 6032
6032 6068 6067
6033 6068 6032
6033 6069 6068
6033 6034 5997
5997 6034 6033
5997 5998 5960
5960 5998 5997
5960 5961 5922
5922 5961 5960
5923 5961 5922
5923 5962 5961
5923 5924 5884
5884 5924 5923
5885 5924 5884
5885 5925 5924
5885 5886 5845
5885 5845 5844
5844 5845 5803
5803 5845 5844
5804 5845 5803
5804 5846 5845
5805 5846 5804
5805 5847 5846
5805 5806 5763
5763 5806 5805
5763 5764 5720
5720 5764 5763
5721 5764 5720
5721 5765 5764
5722 5765 5721
5722 5766 5765
5722 5723 5678
5678 5723 5722
5678 5679 5633
5633 5679 5678
5634 5679 5633
5634 5680 5679
5635 5680 5634
5635 5681 5680
5635 5636 5589
5589 5636 5635
5589 5590 5542
5542 5590 5589
5543 5590 5542
5543 5591 5590
5544 5591 5543
5544 5592 5591
5544 5545 5496
5496 5545 5544
5496 5497 5447
5447 5497 5496
5448 5497 5447
5448 5498 5497
5449 5498 5448
5449 5499 5498
5449 5450 5399
5399 5450 5449
5399 5400 5348
5348 5400 5399
5349 5400 5348
5349 5084 5400
5083 5084 5349
5083 30945 30948
5083 30948 30945
5082 30948 30950
5082 30950 30948
5081 30950 30951
30951 30950 30949
30951 30949 18185
18185 30949 18186
18185 18186 19778
19778 18186 19776
19778 19776 19775
19775 19776 19772
19775 19772 19771
19771 19772 19767
19767 19772 19771
19767 19768 19762
19767 19762 19761
19767 19761 19766
19766 19761 19760
19760 19761 19754
19754 19761 19760
19754 19755 19747
19754 19747 19746
19746 19747 19738
19738 19747 19746
19738 19739 19729
19738 19729 19728
19728 19729 19718
19718 19729 19728
19718 19719 19707
19718 19707 19706
19718 19706 19717
19717 19706 19705
19705 19706 19693
19705 19693 19692
19692 19693 19679
19692 19679 19678
19678 19679 19664
19678 19664 19663
19663 19664 19648
19663 19648 19647
19663 19647 19662
19662 19647 19646
19646 19647 19630
19646 19630 19629
19629 19630 19612
19612 19630 19629
19612 19613 19594
19594 19613 19612
19594 19595 19575
19594 19575 19574
19574 19575 19554
19554 19575 19574
19554 19555 19533
19533 19555 19554
19533 19534 19511
19533 19511 19510
19510 19511 19487
19487 19511 19510
19487 19488 19463
19463 19488 19487
19464 19488 19463
19464 19489 19488
19464 19465 19439
19439 19465 19464
19439 19440 19413
19439 19413 19412
19412 19413 19385
19385 19413 19412
19385 19386 19357
19357 19386 19385
19357 19358 19328
19328 19358 19357
19328 19329 19298
19298 19329 19328
19298 19299 19267
19298 19267 19266
19266 19267 19234
19234 19267 19266
19234 19235 19201
19201 19235 19234
19201 19202 19167
19201 19167 19166
19166 19167 19131
19166 19131 19130
19130 19131 19094
19094 19131 19130
19094 19095 19057
19094 19057 19056
19056 19057 19018
19056 19018 19017
19017 19018 18978
18978 19018 19017
18978 18979 18938
18938 18979 18978
18938 18939 18897
18897 18939 18938
18897 18898 18855
18897 18855 18854
18854 18855 18811
18811 18855 18854
18811 18812 18767
18767 18812 18811
18767 18768 18722
18767 18722 18721
18721 18722 18675
18675 18722 18721
18675 18676 18628
18628 18676 18675
18628 18629 18580
18580 18629 18628
18580 18581 18531
18531 18581 18580
18531 18532 18481
18531 18481 18480
18480 18481 18429
18429 18481 18480
18429 18430 18377
18377 18430 18429
18378 18430 18377
18378 18431 18430
18378 18379 18325
18325 18379 18378
18325 18326 18271
18271 18326 18325
18271 18272 10115
10115 18272 18271
10115 10114 11468
11468 10114 10115
11468 11491 10114
11469 11491 11468
11469 11492 11491
11469 11470 11446
11446 11470 11469
11447 11470 11446
11447 11471 11470
11447 11448 11423
11447 11423 11422
11422 11423 11397
11422 11397 11396
11422 11396 11421
11421 11396 11395
11395 11396 11369
11395 11369 11368
11395 11368 11394
11394 11368 11367
11367 11368 11340
11367 11340 11339
11367 11339 11366
11366 11339 11338
11338 11339 11310
11338 11310 11309
11338 11309 10120
10120 11309 10121
10121 11309 11279
10121 11279 10122
10122 11279 11248
10122 11248 10123
10122 10123 11248
18264 10123 18263
18264 18263 10123
18318 18263 18317
18318 18317 18263
18318 18371 18317
18372 18371 18318
18424 18371 18423
18424 18423 18371
18424 18475 18423
18476 18475 18424
18526 18475 18525
18526 18525 18475
18526 18575 18525
18576 18575 18526
18624 18575 18623
18624 18623 18575
18624 18671 18623
18672 18671 18624
18672 18718 18671
18719 18718 18672
18764 18718 18763
18764 18763 18718
18764 18808 18763
18809 18808 18764
18852 18808 18851
18852 18851 18808
18852 18894 18851
18895 18894 18852
18936 18894 18935
18935 18894 18893
18935 18893 18934
18935 18934 18893
18975 18934 18974
18975 18974 18934
19014 18974 19013
19014 19013 18974
19052 19013 19051
19051 19013 19012
19051 19012 19050
19051 19050 19012
19088 19050 19087
19088 19087 19050
19124 19087 19123
19123 19087 19086
19123 19086 19122
19122 19086 19085
19122 19085 19121
19122 19121 19085
19157 19121 19156
19157 19156 19121
19157 19191 19156
19192 19191 19157
19225 19191 19224
19225 19224 19191
19257 19224 19256
19257 19256 19224
19288 19256 19287
19288 19287 19256
19288 19318 19287
19319 19318 19288
19348 19318 19347
19348 19347 19318
19348 19376 19347
19377 19376 19348
19404 19376 19403
19404 19403 19376
19430 19403 19429
19430 19429 19403
19430 19455 19429
19456 19455 19430
19456 19480 19455
19481 19480 19456
19504 19480 16611
19504 16611 19480
19504 16610 16611
19527 16610 19504
16609 16610 17952
16609 17952 17973
17973 17952 17951
17973 17951 17972
17972 17951 17950
17972 17950 17971
17971 17950 17949
17971 17949 17970
17971 17970 17949
17991 17970 17990
17990 17970 17969
17990 17969 17989
17990 17989 17969
18009 17989 18008
18009 18008 17989
18027 18008 18026
18027 18026 18008
18044 18026 18043
18044 18043 18026
18060 18043 18059
18060 18059 18043
18060 18075 18059
18076 18075 18060
18076 18090 18075
18091 18090 18076
18104 18090 18103
18104 18103 18090
18116 18103 18115
18116 18115 18103
18116 18127 18115
18128 18127 18116
18138 18127 18137
18137 18127 18126
18137 18126 18136
18137 18136 18126
18137 18146 18136
18147 18146 18137
18147 18155 18146
16596 18155 18147
16596 16595 18155
19744 16595 16596
19752 16595 19744
19752 16594 16595
19759 16594 19752
19759 16593 16594
19765 16593 19759
16592 16593 18173
16592 18173 18177
16592 18177 18173
16591 18177 18180
16591 18180 18177
16590 18180 18182
16590 18182 18180
16589 18182 18183
16589 18183 18182
16588 18183 6732
16588 6732 18183
</Vertices>
                <Weights>0.67 0.33 0
0.67 0.33 0
0.67 0.33 0
0.67 0.33 0
0.67 0.33 0
0.67 0.33 0
0.67 0.33 0
0.67 0.33 0
0.67 0.33 0
0.67 0.33 0
0.67 0.33 0
0.67 0.33 0
0.67 0.33 0
0.67 0.33 0
0.67 0.33 0
0.67 0.33 0
0.67 0.33 0
0.67 0.33 0
0.67 0.33 0
0.67 0.33 0
0.67 0.33 0
0.67 0.33 0
0.67 0.33 0
0.67 0.33 0
0.67 0.33 0
0.67 0.33 0
0.67 0.33 0
0.67 0.33 0
0.67 0.33 0
0.67 0.33 0
0.67 0.33 0
0.67 0.33 0
0.67 0.33 0
0.67 0.33 0
0.67 0.33 0
0.67 0.33 0
0.67 0.33 0
0.67 0.33 0
0.67 0.33 0
0.67 0.33 0
0.67 0.33 0
0.67 0.33 0
0.67 0.33 0
0.67 0.33 0
0.67 0.33 0
0.67 0.33 0
0.67 0.33 0
0.67 0.33 0
0.67 0.33 0
0.67 0.33 0
0.67 0.33 0
0.67 0.33 0
0.67 0.33 0
0.67 0.33 0
0.67 0.33 0
0.67 0.33 0
0.67 0.33 0
0.67 0.33 0
0.67 0.33 0
0.67 0.33 0
0.67 0.33 0
0.67 0.33 0
0.67 0.33 0
0.67 0.33 0
0.67 0.33 0
0.67 0.33 0
0.67 0.33 0
0.67 0.33 0
0.67 0.33 0
0.67 0.33 0
0.67 0.33 0
0.67 0.33 0
0.67 0.33 0
0.67 0.33 0
0.67 0.33 0
0.67 0.33 0
0.67 0.33 0
0.67 0.33 0
0.67 0.33 0
0.67 0.33 0
0.67 0.33 0
0.67 0.33 0
0.67 0.33 0
0.67 0.33 0
0.67 0.33 0
0.67 0.33 0
0.67 0.33 0
0.67 0.33 0
0.67 0.33 0
0.67 0.33 0
0.67 0.33 0
0.67 0.33 0
0.67 0.33 0
0.67 0.33 0
0.67 0.33 0
0.67 0.33 0
0.67 0.33 0
0.67 0.33 0
0.67 0.33 0
0.67 0.33 0
0.67 0.33 0
0.67 0.33 0
0.67 0.33 0
0.67 0.33 0
0.67 0.33 0
0.67 0.33 0
0.67 0.33 0
0.67 0.33 0
0.67 0.33 0
0.67 0.33 0
0.67 0.33 0
0.67 0.33 0
0.67 0.33 0
0.67 0.33 0
0.67 0.33 0
0.67 0.33 0
0.67 0.33 0
0.67 0.33 0
0.67 0.33 0
0.67 0.33 0
0.67 0.33 0
0.67 0.33 0
0.67 0.33 0
0.67 0.33 0
0.67 0.33 0
0.67 0.33 0
0.67 0.33 0
0.67 0.33 0
0.67 0.33 0
0.67 0.33 0
0.67 0.33 0
0.67 0.33 0
0.67 0.33 0
0.67 0.33 0
0.67 0.33 0
0.67 0.33 0
0.67 0.33 0
0.67 0.33 0
0.67 0.33 0
0.67 0.33 0
0.67 0.33 0
0.67 0.33 0
0.67 0.33 0
0.67 0.33 0
0.67 0.33 0
0.67 0.33 0
0.67 0.33 0
0.67 0.33 0
0.67 0.33 0
0.67 0.33 0
0.67 0.33 0
0.67 0.33 0
0.67 0.33 0
0.67 0.33 0
0.67 0.33 0
0.67 0.33 0
0.67 0.33 0
0.67 0.33 0
0.67 0.33 0
0.67 0.33 0
0.67 0.33 0
0.67 0.33 0
0.67 0.33 0
0.67 0.33 0
0.67 0.33 0
0.67 0.33 0
0.67 0.33 0
0.67 0.33 0
0.67 0.33 0
0.67 0.33 0
0.67 0.33 0
0.67 0.33 0
0.67 0.33 0
0.67 0.33 0
0.67 0.33 0
0.67 0.33 0
0.67 0.33 0
0.67 0.33 0
0.67 0.33 0
0.67 0.33 0
0.67 0.33 0
0.67 0.33 0
0.67 0.33 0
0.67 0.33 0
0.67 0.33 0
0.67 0.33 0
0.67 0.33 0
0.67 0.33 0
0.67 0.33 0
0.67 0.33 0
0.67 0.33 0
0.67 0.33 0
0.67 0.33 0
0.67 0.33 0
0.67 0.33 0
0.67 0.33 0
0.67 0.33 0
0.67 0.33 0
0.67 0.33 0
0.67 0.33 0
0.67 0.33 0
0.67 0.33 0
0.67 0.33 0
0.67 0.33 0
0.67 0.33 0
0.67 0.33 0
0.67 0.33 0
0.67 0.33 0
0.67 0.33 0
0.67 0.33 0
0.67 0.33 0
0.67 0.33 0
0.67 0.33 0
0.67 0.33 0
0.67 0.33 0
0.67 0.33 0
0.67 0.33 0
0.67 0.33 0
0.67 0.33 0
0.67 0.33 0
0.67 0.33 0
0.67 0.33 0
0.67 0.33 0
0.67 0.33 0
0.67 0.33 0
0.67 0.33 0
0.67 0.33 0
0.67 0.33 0
0.67 0.33 0
0.67 0.33 0
0.67 0.33 0
0.67 0.33 0
0.67 0.33 0
0.67 0.33 0
0.67 0.33 0
0.67 0.33 0
0.67 0.33 0
0.67 0.33 0
0.67 0.33 0
0.67 0.33 0
0.67 0.33 0
0.67 0.33 0
0.67 0.33 0
0.67 0.33 0
0.67 0.33 0
0.67 0.33 0
0.67 0.33 0
0.67 0.33 0
0.67 0.33 0
0.67 0.33 0
0.67 0.33 0
0.67 0.33 0
0.67 0.33 0
0.67 0.33 0
0.67 0.33 0
0.67 0.33 0
0.67 0.33 0
0.67 0.33 0
0.67 0.33 0
0.67 0.33 0
0.67 0.33 0
0.67 0.33 0
0.67 0.33 0
0.67 0.33 0
0.67 0.33 0
0.67 0.33 0
0.67 0.33 0
0.67 0.33 0
0.67 0.33 0
0.67 0.33 0
0.67 0.33 0
0.67 0.33 0
0.67 0.33 0
0.67 0.33 0
0.67 0.33 0
0.67 0.33 0
0.67 0.33 0
0.67 0.33 0
0.67 0.33 0
0.67 0.33 0
0.67 0.33 0
0.67 0.33 0
0.67 0.33 0
0.67 0.33 0
0.67 0.33 0
0.67 0.33 0
0.67 0.33 0
0.67 0.33 0
0.67 0.33 0
0.67 0.33 0
0.67 0.33 0
0.67 0.33 0
0.67 0.33 0
0.67 0.33 0
0.67 0.33 0
0.67 0.33 0
0.67 0.33 0
0.67 0.33 0
0.67 0.33 0
0.67 0.33 0
0.67 0.33 0
0.67 0.33 0
0.67 0.33 0
0.67 0.33 0
0.67 0.33 0
0.67 0.33 0
0.67 0.33 0
0.67 0.33 0
0.67 0.33 0
0.67 0.33 0
0.67 0.33 0
0.67 0.33 0
0.67 0.33 0
0.67 0.33 0
0.67 0.33 0
0.67 0.33 0
0.67 0.33 0
0.67 0.33 0
0.67 0.33 0
0.67 0.33 0
0.67 0.33 0
0.67 0.33 0
0.67 0.33 0
0.67 0.33 0
0.67 0.33 0
0.67 0.33 0
0.67 0.33 0
0.67 0.33 0
0.67 0.33 0
0.67 0.33 0
0.67 0.33 0
0.67 0.33 0
0.67 0.33 0
0.67 0.33 0
0.67 0.33 0
0.67 0.33 0
0.67 0.33 0
0.67 0.33 0
0.67 0.33 0
0.67 0.33 0
0.67 0.33 0
0.67 0.33 0
0.67 0.33 0
0.67 0.33 0
0.67 0.33 0
0.67 0.33 0
0.67 0.33 0
0.67 0.33 0
0.67 0.33 0
0.67 0.33 0
0.67 0.33 0
0.67 0.33 0
0.67 0.33 0
0.67 0.33 0
0.67 0.33 0
0.67 0.33 0
0.67 0.33 0
0.67 0.33 0
0.67 0.33 0
0.67 0.33 0
0.67 0.33 0
0.67 0.33 0
0.67 0.33 0
0.67 0.33 0
0.67 0.33 0
0.67 0.33 0
0.67 0.33 0
0.67 0.33 0
0.67 0.33 0
0.67 0.33 0
0.67 0.33 0
0.67 0.33 0
0.67 0.33 0
0.67 0.33 0
0.67 0.33 0
0.67 0.33 0
0.67 0.33 0
0.67 0.33 0
0.67 0.33 0
0.67 0.33 0
0.67 0.33 0
0.67 0.33 0
0.67 0.33 0
0.67 0.33 0
0.67 0.33 0
0.67 0.33 0
0.67 0.33 0
0.67 0.33 0
0.67 0.33 0
0.67 0.33 0
0.67 0.33 0
0.67 0.33 0
0.67 0.33 0
0.67 0.33 0
0.67 0.33 0
0.67 0.33 0
0.67 0.33 0
0.67 0.33 0
0.67 0.33 0
0.67 0.33 0
0.67 0.33 0
0.67 0.33 0
0.67 0.33 0
0.67 0.33 0
0.67 0.33 0
0.67 0.33 0
0.67 0.33 0
0.67 0.33 0
0.67 0.33 0
0.67 0.33 0
0.67 0.33 0
0.67 0.33 0
0.67 0.33 0
0.67 0.33 0
0.67 0.33 0
0.67 0.33 0
0.67 0.33 0
0.67 0.33 0
0.67 0.33 0
0.67 0.33 0
0.67 0.33 0
0.67 0.33 0
0.67 0.33 0
0.67 0.33 0
0.67 0.33 0
0.67 0.33 0
0.67 0.33 0
0.67 0.33 0
0.67 0.33 0
0.67 0.33 0
0.67 0.33 0
0.67 0.33 0
0.67 0.33 0
0.67 0.33 0
0.67 0.33 0
0.67 0.33 0
0.67 0.33 0
0.67 0.33 0
0.67 0.33 0
0.67 0.33 0
0.67 0.33 0
0.67 0.33 0
0.67 0.33 0
0.67 0.33 0
0.67 0.33 0
0.67 0.33 0
0.67 0.33 0
0.67 0.33 0
0.67 0.33 0
0.67 0.33 0
0.67 0.33 0
0.67 0.33 0
0.67 0.33 0
0.67 0.33 0
0.67 0.33 0
0.67 0.33 0
0.67 0.33 0
0.67 0.33 0
0.67 0.33 0
0.67 0.33 0
0.67 0.33 0
0.67 0.33 0
0.67 0.33 0
0.67 0.33 0
0.67 0.33 0
0.67 0.33 0
0.67 0.33 0
0.67 0.33 0
0.67 0.33 0
0.67 0.33 0
0.67 0.33 0
0.67 0.33 0
0.67 0.33 0
0.67 0.33 0
0.67 0.33 0
0.67 0.33 0
0.67 0.33 0
0.67 0.33 0
0.67 0.33 0
0.67 0.33 0
0.67 0.33 0
0.67 0.33 0
0.67 0.33 0
0.67 0.33 0
0.67 0.33 0
0.67 0.33 0
0.67 0.33 0
0.67 0.33 0
0.67 0.33 0
0.67 0.33 0
0.67 0.33 0
0.67 0.33 0
0.67 0.33 0
0.67 0.33 0
0.67 0.33 0
0.67 0.33 0
0.67 0.33 0
0.67 0.33 0
0.67 0.33 0
0.67 0.33 0
0.67 0.33 0
0.67 0.33 0
0.67 0.33 0
0.67 0.33 0
0.67 0.33 0
0.67 0.33 0
0.67 0.33 0
0.67 0.33 0
0.67 0.33 0
0.67 0.33 0
0.67 0.33 0
0.67 0.33 0
0.67 0.33 0
0.67 0.33 0
0.67 0.33 0
0.67 0.33 0
0.67 0.33 0
0.67 0.33 0
0.67 0.33 0
0.67 0.33 0
0.67 0.33 0
0.67 0.33 0
0.67 0.33 0
0.67 0.33 0
0.67 0.33 0
0.67 0.33 0
0.67 0.33 0
0.67 0.33 0
0.67 0.33 0
0.67 0.33 0
0.67 0.33 0
</Weights>
            </BorderPart>
        </Border>
        <Border Name="L_3" Red="0.266667" Green="0.768627" Blue="0.772549">
            <BorderPart Closed="True">
                <Vertices>3471 3470 4945
3471 4945 4957
4957 4945 4944
4944 4945 4931
4944 4931 4930
4944 4930 4943
4943 4930 4929
4929 4930 4915
4929 4915 4914
4929 4914 4928
4928 4914 4913
4913 4914 4898
4913 4898 4897
4897 4898 4881
4897 4881 4880
4880 4881 4863
4880 4863 4862
4862 4863 4844
4862 4844 4843
4862 4843 4861
4861 4843 4842
4861 4842 4860
4861 4860 4842
4878 4860 4877
4877 4860 4859
4877 4859 4876
4876 4859 4858
4876 4858 4875
4876 4875 4858
4892 4875 4891
4891 4875 4874
4891 4874 4890
4891 4890 4874
4906 4890 4905
4906 4905 4890
4920 4905 4919
4920 4919 4905
4920 4933 4919
4934 4933 4920
4934 4946 4933
4947 4946 4934
4947 4958 4946
4959 4958 4947
4959 4969 4958
4959 4970 4969
4960 4970 4959
4971 4970 4960
4971 4980 4970
4981 4980 4971
4981 4989 4980
4981 4990 4989
4982 4990 4981
4991 4990 4982
4991 4998 4990
4991 4999 4998
4992 4999 4991
5000 4999 4992
5000 5006 4999
5007 5006 5000
5007 5012 5006
5007 5013 5012
5008 5013 5007
5008 3478 5013
3477 3478 5008
3477 6655 6648
3477 6648 3476
3476 6648 6640
6640 6648 3476
6640 6641 6632
6632 6641 6640
6632 6633 6623
6623 6633 6632
6623 6624 6613
6613 6624 6623
6614 6624 6613
6614 6625 6624
6614 6615 6603
6603 6615 6614
6603 6604 6591
6591 6604 6603
6591 6592 6578
6578 6592 6591
6579 6592 6578
6579 6593 6592
6579 6580 6565
6565 6580 6579
6565 6566 6550
6550 6566 6565
6550 6551 6534
6534 6551 6550
6534 6535 6517
6517 6535 6534
6517 6518 6499
6499 6518 6517
6499 6500 6480
6480 6500 6499
6480 6481 6460
6460 6481 6480
6460 6461 6439
6439 6461 6460
6439 6440 6417
6417 6440 6439
6417 6418 6394
6394 6418 6417
6394 6395 6370
6370 6395 6394
6370 6371 6345
6345 6371 6370
6345 6346 6319
6319 6346 6345
6319 6320 6292
6292 6320 6319
6293 6320 6292
6293 6321 6320
6293 6294 6265
6265 6294 6293
6266 6294 6265
6266 6295 6294
6266 6267 6237
6237 6267 6266
6238 6267 6237
6268 6267 6238
6268 6296 6267
6268 6297 6296
6269 6297 6268
6269 5107 6297
5106 5107 6269
5106 30600 30626
30626 30600 30599
30626 30599 30625
30626 30625 30599
30651 30625 30650
30650 30625 30624
30650 30624 30649
30650 30649 30624
30674 30649 30673
30673 30649 30648
30673 30648 30672
30673 30672 30648
30696 30672 30695
30696 30695 30672
30718 30695 30717
30717 30695 30694
30717 30694 30716
30717 30716 30694
30738 30716 30737
30738 30737 30716
30758 30737 30757
30757 30737 30736
30757 30736 30756
30756 30736 30735
30756 30735 30755
30756 30755 30735
30775 30755 30774
30774 30755 30754
30774 30754 30773
30773 30754 30753
30773 30753 30772
30773 30772 30753
30791 30772 30790
30790 30772 30771
30790 30771 30789
30789 30771 30770
30789 30770 30788
30788 30770 30769
30788 30769 30787
30788 30787 30769
30805 30787 30804
30804 30787 30786
30804 30786 30803
30803 30786 30785
30803 30785 30802
30803 30802 30785
30819 30802 30818
30818 30802 30801
30801 30802 30784
30801 30784 30783
30801 30783 30800
30801 30800 30783
30817 30800 30816
30816 30800 30799
30799 30800 30782
30799 30782 30781
30799 30781 18201
18201 30781 18202
18202 30781 30762
18202 30762 18203
18202 18203 19608
19608 18203 19589
19589 18203 19608
19589 18204 19569
19589 19569 19568
19568 19569 19547
19568 19547 19546
19546 19547 19524
19524 19547 19546
19524 19525 19501
19501 19525 19524
19501 19502 19477
19477 19502 19501
19477 19478 19452
19477 19452 19451
19451 19452 19425
19425 19452 19451
19425 19426 19398
19425 19398 19397
19397 19398 19369
19397 19369 19368
19368 19369 19339
19339 19369 19368
19339 19340 19309
19339 19309 19308
19308 19309 19277
19308 19277 19276
19308 19276 19307
19307 19276 19275
19275 19276 19243
19243 19276 19275
19243 19244 19210
19210 19244 19243
19210 19211 19176
19210 19176 19175
19175 19176 19140
19175 19140 19139
19139 19140 19103
19139 19103 19102
19102 19103 19065
19102 19065 19064
19064 19065 19026
19064 19026 19025
19025 19026 18986
19025 18986 18985
18985 18986 18945
18985 18945 18944
18944 18945 18903
18944 18903 18902
18902 18903 18860
18902 18860 18859
18859 18860 18816
18816 18860 18859
18816 18817 18772
18816 18772 18771
18771 18772 18726
18771 18726 18725
18725 18726 18679
18679 18726 18725
18680 18726 18679
18680 18727 18726
18681 18727 18680
18681 18728 18727
18681 18682 18634
18681 18634 18633
18633 18634 18585
18585 18634 18633
18585 18586 18536
18536 18586 18585
18536 18537 18486
18536 18486 18485
18485 18486 18434
18434 18486 18485
18434 18435 18382
18434 18382 18381
18434 18381 18433
18433 18381 18380
18380 18381 18327
18327 18381 18380
18327 18328 18273
18327 18273 18272
18272 18273 10114
10114 18273 18272
10114 10113 11491
10114 11491 11468
10114 11468 10115
10114 10115 11468
18272 10115 18271
18272 18271 10115
18326 18271 18325
18326 18325 18271
18379 18325 18378
18379 18378 18325
18431 18378 18430
18430 18378 18377
18430 18377 18429
18430 18429 18377
18481 18429 18480
18481 18480 18429
18481 18531 18480
18532 18531 18481
18581 18531 18580
18581 18580 18531
18629 18580 18628
18629 18628 18580
18676 18628 18675
18676 18675 18628
18722 18675 18721
18722 18721 18675
18722 18767 18721
18768 18767 18722
18812 18767 18811
18812 18811 18767
18855 18811 18854
18855 18854 18811
18855 18897 18854
18898 18897 18855
18939 18897 18938
18939 18938 18897
18979 18938 18978
18979 18978 18938
19018 18978 19017
19018 19017 18978
19018 19056 19017
19057 19056 19018
19057 19094 19056
19095 19094 19057
19131 19094 19130
19131 19130 19094
19131 19166 19130
19167 19166 19131
19167 19201 19166
19202 19201 19167
19235 19201 19234
19235 19234 19201
19267 19234 19266
19267 19266 19234
19267 19298 19266
19299 19298 19267
19329 19298 19328
19329 19328 19298
19358 19328 19357
19358 19357 19328
19386 19357 19385
19386 19385 19357
19413 19385 19412
19413 19412 19385
19413 19439 19412
19440 19439 19413
19440 19465 19439
19440 19466 19465
19441 19466 19440
19467 19466 19441
19491 19466 19490
19491 19490 19466
19491 19514 19490
19515 19514 19491
19515 19537 19514
19515 19538 19537
19516 19538 19515
19539 19538 19516
19560 19538 19559
19560 19559 19538
19560 19580 19559
19581 19580 19560
19581 19600 19580
19601 19600 19581
19601 19619 19600
19620 19619 19601
19620 19637 19619
19638 19637 19620
19638 19654 19637
19655 19654 19638
19655 19670 19654
19671 19670 19655
19685 19670 19684
19685 19684 19670
19685 19698 19684
19699 19698 19685
19699 19711 19698
19712 19711 19699
19723 19711 19722
19723 19722 19711
19723 19733 19722
19734 19733 19723
19734 19743 19733
18193 19743 19734
18192 19743 19751
18192 19751 19743
18192 18191 19751
30916 18191 18192
30924 18191 30916
30924 18190 18191
30931 18190 30924
30931 18189 18190
30931 30937 18189
30931 30932 30925
30925 30932 30931
30925 30926 30918
30918 30926 30925
30919 30926 30918
30919 30927 30926
30920 30927 30919
30928 30927 30920
30928 30934 30927
30928 30935 30934
30928 30929 30921
30921 30929 30928
30921 30922 30913
30913 30922 30921
30914 30922 30913
30914 30923 30922
30914 30915 30905
30905 30915 30914
30905 30906 30895
30895 30906 30905
30896 30906 30895
30896 5090 30906
5091 5090 5685
5091 5685 5729
5091 5729 5685
5092 5729 5772
5092 5772 5729
5093 5772 5814
5814 5772 5771
5814 5771 5813
5813 5771 5770
5813 5770 5812
5813 5812 5770
