<?xml version="1.0" encoding="UTF-8"?>
<BorderFile Version="3" Structure="CORTEX_RIGHT" SurfaceNumberOfVertices="32492">
    <MetaData>
        <MD>
            <Name>ParentProvenance</Name>
            <Value>MacBS30/MNINonLinear/fsaverage_LR32k/Mac30BS.R.midthickness.32k_fs_LR.surf.gii:
/mnt/pub/devel/workbench/release/1.4.1/centos/workbench/bin_rh_linux64/../exe_rh_linux64/wb_command -surface-average /mnt/proj/riken-wustl/Macaque_Q1.1/HCP-RIKEN/Mac33Sedated30/MNINonLinear/fsaverage_LR32k/Mac33Sedated30.R.midthickness.32k_fs_LR.surf.gii -uncertainty /mnt/proj/riken-wustl/Macaque_Q1.1/HCP-RIKEN/Mac33Sedated30/MNINonLinear/fsaverage_LR32k/Mac33Sedated30.R.midthickness_uncertainty.32k_fs_LR.shape.gii -stddev /mnt/proj/riken-wustl/Macaque_Q1.1/HCP-RIKEN/Mac33Sedated30/MNINonLinear/fsaverage_LR32k/Mac33Sedated30.R.midthickness_std.32k_fs_LR.shape.gii -surf /mnt/proj/riken-wustl/Macaque_Q1.1/HCP-RIKEN/A16101401/MNINonLinear/fsaverage_LR32k/A16101401.R.midthickness.32k_fs_LR.surf.gii -surf /mnt/proj/riken-wustl/Macaque_Q1.1/HCP-RIKEN/A16111101/MNINonLinear/fsaverage_LR32k/A16111101.R.midthickness.32k_fs_LR.surf.gii -surf /mnt/proj/riken-wustl/Macaque_Q1.1/HCP-RIKEN/A16111701/MNINonLinear/fsaverage_LR32k/A16111701.R.midthickness.32k_fs_LR.surf.gii -surf /mnt/proj/riken-wustl/Macaque_Q1.1/HCP-RIKEN/A16120701/MNINonLinear/fsaverage_LR32k/A16120701.R.midthickness.32k_fs_LR.surf.gii -surf /mnt/proj/riken-wustl/Macaque_Q1.1/HCP-RIKEN/A16121502/MNINonLinear/fsaverage_LR32k/A16121502.R.midthickness.32k_fs_LR.surf.gii -surf /mnt/proj/riken-wustl/Macaque_Q1.1/HCP-RIKEN/A16121601/MNINonLinear/fsaverage_LR32k/A16121601.R.midthickness.32k_fs_LR.surf.gii -surf /mnt/proj/riken-wustl/Macaque_Q1.1/HCP-RIKEN/A16121602/MNINonLinear/fsaverage_LR32k/A16121602.R.midthickness.32k_fs_LR.surf.gii -surf /mnt/proj/riken-wustl/Macaque_Q1.1/HCP-RIKEN/A16122101/MNINonLinear/fsaverage_LR32k/A16122101.R.midthickness.32k_fs_LR.surf.gii -surf /mnt/proj/riken-wustl/Macaque_Q1.1/HCP-RIKEN/A16122102/MNINonLinear/fsaverage_LR32k/A16122102.R.midthickness.32k_fs_LR.surf.gii -surf /mnt/proj/riken-wustl/Macaque_Q1.1/HCP-RIKEN/A16122201/MNINonLinear/fsaverage_LR32k/A16122201.R.midthickness.32k_fs_LR.surf.gii -surf /mnt/proj/riken-wustl/Macaque_Q1.1/HCP-RIKEN/A16122202/MNINonLinear/fsaverage_LR32k/A16122202.R.midthickness.32k_fs_LR.surf.gii -surf /mnt/proj/riken-wustl/Macaque_Q1.1/HCP-RIKEN/A17013101/MNINonLinear/fsaverage_LR32k/A17013101.R.midthickness.32k_fs_LR.surf.gii -surf /mnt/proj/riken-wustl/Macaque_Q1.1/HCP-RIKEN/A17020201/MNINonLinear/fsaverage_LR32k/A17020201.R.midthickness.32k_fs_LR.surf.gii -surf /mnt/proj/riken-wustl/Macaque_Q1.1/HCP-RIKEN/A17020301/MNINonLinear/fsaverage_LR32k/A17020301.R.midthickness.32k_fs_LR.surf.gii -surf /mnt/proj/riken-wustl/Macaque_Q1.1/HCP-RIKEN/A17021401/MNINonLinear/fsaverage_LR32k/A17021401.R.midthickness.32k_fs_LR.surf.gii -surf /mnt/proj/riken-wustl/Macaque_Q1.1/HCP-RIKEN/A17030301/MNINonLinear/fsaverage_LR32k/A17030301.R.midthickness.32k_fs_LR.surf.gii -surf /mnt/proj/riken-wustl/Macaque_Q1.1/HCP-RIKEN/A17030801/MNINonLinear/fsaverage_LR32k/A17030801.R.midthickness.32k_fs_LR.surf.gii -surf /mnt/proj/riken-wustl/Macaque_Q1.1/HCP-RIKEN/A17031501/MNINonLinear/fsaverage_LR32k/A17031501.R.midthickness.32k_fs_LR.surf.gii -surf /mnt/proj/riken-wustl/Macaque_Q1.1/HCP-RIKEN/A17040401/MNINonLinear/fsaverage_LR32k/A17040401.R.midthickness.32k_fs_LR.surf.gii -surf /mnt/proj/riken-wustl/Macaque_Q1.1/HCP-RIKEN/A17042001/MNINonLinear/fsaverage_LR32k/A17042001.R.midthickness.32k_fs_LR.surf.gii -surf /mnt/proj/riken-wustl/Macaque_Q1.1/HCP-RIKEN/A17070701/MNINonLinear/fsaverage_LR32k/A17070701.R.midthickness.32k_fs_LR.surf.gii -surf /mnt/proj/riken-wustl/Macaque_Q1.1/HCP-RIKEN/A17080201/MNINonLinear/fsaverage_LR32k/A17080201.R.midthickness.32k_fs_LR.surf.gii -surf /mnt/proj/riken-wustl/Macaque_Q1.1/HCP-RIKEN/A18012602/MNINonLinear/fsaverage_LR32k/A18012602.R.midthickness.32k_fs_LR.surf.gii -surf /mnt/proj/riken-wustl/Macaque_Q1.1/HCP-RIKEN/A18021502/MNINonLinear/fsaverage_LR32k/A18021502.R.midthickness.32k_fs_LR.surf.gii -surf /mnt/proj/riken-wustl/Macaque_Q1.1/HCP-RIKEN/A18022202/MNINonLinear/fsaverage_LR32k/A18022202.R.midthickness.32k_fs_LR.surf.gii -surf /mnt/proj/riken-wustl/Macaque_Q1.1/HCP-RIKEN/A18022301/MNINonLinear/fsaverage_LR32k/A18022301.R.midthickness.32k_fs_LR.surf.gii -surf /mnt/proj/riken-wustl/Macaque_Q1.1/HCP-RIKEN/A18030201/MNINonLinear/fsaverage_LR32k/A18030201.R.midthickness.32k_fs_LR.surf.gii -surf /mnt/proj/riken-wustl/Macaque_Q1.1/HCP-RIKEN/A18030901/MNINonLinear/fsaverage_LR32k/A18030901.R.midthickness.32k_fs_LR.surf.gii -surf /mnt/proj/riken-wustl/Macaque_Q1.1/HCP-RIKEN/A18031601/MNINonLinear/fsaverage_LR32k/A18031601.R.midthickness.32k_fs_LR.surf.gii -surf /mnt/proj/riken-wustl/Macaque_Q1.1/HCP-RIKEN/A18041901/MNINonLinear/fsaverage_LR32k/A18041901.R.midthickness.32k_fs_LR.surf.gii

/mnt/pub/MRI/Macaque/Donahue_et_al_2016_Journal_of_Neuroscience_W336/data/MarkovCC12_M132_91-area.32k_fs_LR.R.label.gii:
/usr/local/workbench/bin_rh_linux64/../exe_rh_linux64/wb_command -gifti-label-add-prefix /mnt/pub/MRI/M.Mulatta/Donahue_et_al_2016_Journal_of_Neuroscience_W336/data/MarkovCC12_M132_91-area.32k_fs_LR.R.label.gii R_ /mnt/pub/MRI/M.Mulatta/Donahue_et_al_2016_Journal_of_Neuroscience_W336/data/MarkovCC12_M132_91-area.32k_fs_LR.R.label.gii

</Value>
        </MD>
        <MD>
            <Name>ProgramProvenance</Name>
            <Value>Connectome Workbench
Type: Command Line Application
Version: 1.4.2
Qt Compiled Version: 5.7.0
Qt Runtime Version: 5.7.0
Commit: ef20a6df3c63500432eee6b1742ac22a00b9a2f0
Commit Date: 2020-02-12 15:40:04 -0600
Compiled with OpenMP: YES
Compiler: g++ (/home/caret/gcc/install/gcc-4.8.5/bin)
Compiler Version: 4.8.5
Compiled Debug: NO
Operating System: Linux
</Value>
        </MD>
        <MD>
            <Name>Provenance</Name>
            <Value>/mnt/pub/devel/workbench/release/1.4.2/Ubuntu/workbench/bin_linux64/../exe_linux64/wb_command -label-to-border MacBS30/MNINonLinear/fsaverage_LR32k/Mac30BS.R.midthickness.32k_fs_LR.surf.gii /mnt/pub/MRI/Macaque/Donahue_et_al_2016_Journal_of_Neuroscience_W336/data/MarkovCC12_M132_91-area.32k_fs_LR.R.label.gii MacBS30/MNINonLinear/fsaverage_LR32k/MarkovCC12_M132_91-area.32k_fs_LR.R.border</Value>
        </MD>
        <MD>
            <Name>WorkingDirectory</Name>
            <Value>/mnt/user/hayashi/Figures/Hayashi_et_al_Perspective2020/Figure3</Value>
        </MD>
    </MetaData>
    <Class Name="#1" Red="0" Green="0" Blue="0">
        <Border Name="R_1" Red="1" Green="0.466667" Blue="0.478431">
            <BorderPart Closed="True">
                <Vertices>3464 3463 4833
3464 4833 4852
3464 4852 4833
3465 4852 4870
4870 4852 4851
4870 4851 4869
4870 4869 4851
4887 4869 4886
4886 4869 4868
4886 4868 4885
4885 4868 4867
4885 4867 4884
4884 4867 4866
4884 4866 4883
4883 4866 4865
4883 4865 4882
4882 4865 4864
4882 4864 4881
4882 4881 4864
4898 4881 4897
4898 4897 4881
4898 4913 4897
4898 4914 4913
4899 4914 4898
4915 4914 4899
4929 4914 4928
4929 4928 4914
4929 4942 4928
4929 4943 4942
4930 4943 4929
4944 4943 4930
4944 4956 4943
4944 4957 4956
4945 4957 4944
4945 3471 4957
3470 3471 4945
6585 3471 3470
6585 6598 3471
6585 6586 6572
6572 6586 6585
6573 6586 6572
6573 6587 6586
6573 6574 6559
6559 6574 6573
6560 6574 6559
6560 6575 6574
6560 6561 6545
6545 6561 6560
6545 6546 6529
6545 6529 6528
6528 6529 6511
6511 6529 6528
6511 6512 6493
6511 6493 6492
6511 6492 6510
6510 6492 6491
6491 6492 6472
6472 6492 6491
6472 6473 6452
6452 6473 6472
6452 6453 6431
6452 6431 6430
6430 6431 6408
6408 6431 6430
6409 6431 6408
6409 6432 6431
6409 6410 6386
6386 6410 6409
6386 6387 6362
6362 6387 6386
6362 6363 6337
6337 6363 6362
6338 6363 6337
6338 6364 6363
6338 6339 6312
6312 6339 6338
6312 6313 6285
6285 6313 6312
6285 6286 6257
6257 6286 6285
6257 6258 6228
6228 6258 6257
6229 6258 6228
6229 6259 6258
6229 6230 6199
6229 6199 6198
6198 6199 6167
6167 6199 6198
6167 6168 6135
6135 6168 6167
6135 6136 6102
6102 6136 6135
6103 6136 6102
6103 6137 6136
6103 6104 6069
6069 6104 6103
6069 6070 6034
6034 6070 6069
6035 6070 6034
6035 6071 6070
6035 6036 5999
5999 6036 6035
5999 6000 5962
5962 6000 5999
5963 6000 5962
5963 6001 6000
5964 6001 5963
5964 6002 6001
5964 5965 5926
5926 5965 5964
5927 5965 5926
5927 5966 5965
5927 5928 5888
5888 5928 5927
5889 5928 5888
5889 5929 5928
5890 5929 5889
5890 5930 5929
5890 5891 5850
5850 5891 5890
5851 5891 5850
5851 5892 5891
5852 5892 5851
5852 5893 5892
5852 5853 5811
5811 5853 5852
5812 5853 5811
5812 5854 5853
5812 5813 5770
5770 5813 5812
5771 5813 5770
5771 5814 5813
5772 5814 5771
5772 5093 5814
5772 5092 5729
5729 5092 5772
5091 5092 5729
5091 30885 30896
5091 30896 30885
5090 30896 30906
30906 30896 30895
30906 30895 30905
30905 30895 30894
30905 30894 30904
30905 30904 30894
30914 30904 30913
30913 30904 30903
30913 30903 30912
30913 30912 30903
30921 30912 30920
30920 30912 30911
30920 30911 30919
30919 30911 30910
30919 30910 30918
30919 30918 30910
30926 30918 30925
30925 30918 30917
30925 30917 30924
30924 30917 30916
30916 30917 30908
30916 30908 30907
30916 30907 18192
18192 30907 18193
18192 18193 19743
19743 18193 19734
19743 19734 19733
19743 19733 19742
19742 19733 19732
19732 19733 19722
19722 19733 19732
19722 19723 19711
19711 19723 19722
19711 19712 19699
19711 19699 19698
19698 19699 19685
19698 19685 19684
19684 19685 19670
19684 19670 19669
19669 19670 19654
19654 19670 19669
19654 19655 19638
19654 19638 19637
19637 19638 19620
19637 19620 19619
19619 19620 19601
19601 19620 19619
19601 19602 19582
19601 19582 19581
19601 19581 19600
19600 19581 19580
19580 19581 19560
19580 19560 19559
19559 19560 19538
19559 19538 19537
19537 19538 19515
19537 19515 19514
19514 19515 19491
19514 19491 19490
19514 19490 19513
19513 19490 19489
19489 19490 19465
19489 19465 19464
19464 19465 19439
19464 19439 19438
19464 19438 19463
19464 19463 19438
19488 19463 19487
19487 19463 19462
19487 19462 19486
19487 19486 19462
19510 19486 19509
19510 19509 19486
19532 19509 19531
19532 19531 19509
19553 19531 19552
19553 19552 19531
19573 19552 19572
19573 19572 19552
19573 19592 19572
19593 19592 19573
19593 19611 19592
19612 19611 19593
19612 19629 19611
19612 19630 19629
19613 19630 19612
19631 19630 19613
19631 19647 19630
19631 19648 19647
19632 19648 19631
19649 19648 19632
19649 19664 19648
19649 19665 19664
19650 19665 19649
19650 19666 19665
19651 19666 19650
19667 19666 19651
19681 19666 19680
19680 19666 19665
19680 19665 19679
19680 19679 19665
19680 19693 19679
19680 19694 19693
19681 19694 19680
19695 19694 19681
19707 19694 19706
19707 19706 19694
19707 19718 19706
19719 19718 19707
19719 19729 19718
19730 19729 19719
19730 19739 19729
19740 19739 19730
19740 19748 19739
19749 19748 19740
19749 19756 19748
19757 19756 19749
19763 19756 19762
19763 19762 19756
19763 19768 19762
19763 19769 19768
19764 19769 19763
18189 19769 19764
18188 19769 19773
18188 19773 19769
18188 18187 19773
18188 30942 30937
30937 30942 18188
30938 30942 30937
30943 30942 30938
30943 30946 30942
30943 30947 30946
30943 30944 30939
30939 30944 30943
30940 30944 30939
30940 30945 30944
30941 30945 30940
30941 5084 30945
5085 5084 5400
5085 5400 5450
5450 5400 5399
5450 5399 5449
5450 5449 5399
5499 5449 5498
5499 5498 5449
5499 5547 5498
5087 5547 5499
5088 5547 5594
5594 5547 5546
5546 5547 5498
5546 5498 5497
5546 5497 5545
5545 5497 5496
5545 5496 5544
5545 5544 5496
5592 5544 5591
5592 5591 5544
5638 5591 5637
5638 5637 5591
5683 5637 5682
5682 5637 5636
5682 5636 5681
5681 5636 5635
5681 5635 5680
5681 5680 5635
5725 5680 5724
5724 5680 5679
5724 5679 5723
5724 5723 5679
5767 5723 5766
5766 5723 5722
5766 5722 5765
5766 5765 5722
5808 5765 5807
5807 5765 5764
5807 5764 5806
5807 5806 5764
5848 5806 5847
5847 5806 5805
5847 5805 5846
5846 5805 5804
5846 5804 5845
5846 5845 5804
5886 5845 5885
5885 5845 5844
5885 5844 5884
5885 5884 5844
5924 5884 5923
5923 5884 5883
5923 5883 5922
5923 5922 5883
5961 5922 5960
5961 5960 5922
5998 5960 5997
5998 5997 5960
6034 5997 6033
6033 5997 5996
6033 5996 6032
6033 6032 5996
6068 6032 6067
6068 6067 6032
6102 6067 6101
6102 6101 6067
6135 6101 6134
6135 6134 6101
6167 6134 6166
6167 6166 6134
6198 6166 6197
6198 6197 6166
6228 6197 6227
6228 6227 6197
6257 6227 6256
6256 6227 6226
6256 6226 6255
6256 6255 6226
6284 6255 6283
6284 6283 6255
6311 6283 6310
6310 6283 6282
6310 6282 6309
6310 6309 6282
6336 6309 6335
6336 6335 6309
6361 6335 6360
6361 6360 6335
6385 6360 6384
6384 6360 6359
6384 6359 6383
6383 6359 6358
6383 6358 6382
6383 6382 6358
6406 6382 6405
6406 6405 6382
6428 6405 6427
6427 6405 6404
6427 6404 6426
6427 6426 6404
6448 6426 6447
6448 6447 6426
6468 6447 6467
6467 6447 6446
6467 6446 6466
6466 6446 6445
6466 6445 3463
6466 3463 6445
</Vertices>
                <Weights>0.67 0.33 0
0.67 0.33 0
0.67 0.33 0
0.67 0.33 0
0.67 0.33 0
0.67 0.33 0
0.67 0.33 0
0.67 0.33 0
0.67 0.33 0
0.67 0.33 0
0.67 0.33 0
0.67 0.33 0
0.67 0.33 0
0.67 0.33 0
0.67 0.33 0
0.67 0.33 0
0.67 0.33 0
0.67 0.33 0
0.67 0.33 0
0.67 0.33 0
0.67 0.33 0
0.67 0.33 0
0.67 0.33 0
0.67 0.33 0
0.67 0.33 0
0.67 0.33 0
0.67 0.33 0
0.67 0.33 0
0.67 0.33 0
0.67 0.33 0
0.67 0.33 0
0.67 0.33 0
0.67 0.33 0
0.67 0.33 0
0.67 0.33 0
0.67 0.33 0
0.67 0.33 0
0.67 0.33 0
0.67 0.33 0
0.67 0.33 0
0.67 0.33 0
0.67 0.33 0
0.67 0.33 0
0.67 0.33 0
0.67 0.33 0
0.67 0.33 0
0.67 0.33 0
0.67 0.33 0
0.67 0.33 0
0.67 0.33 0
0.67 0.33 0
0.67 0.33 0
0.67 0.33 0
0.67 0.33 0
0.67 0.33 0
0.67 0.33 0
0.67 0.33 0
0.67 0.33 0
0.67 0.33 0
0.67 0.33 0
0.67 0.33 0
0.67 0.33 0
0.67 0.33 0
0.67 0.33 0
0.67 0.33 0
0.67 0.33 0
0.67 0.33 0
0.67 0.33 0
0.67 0.33 0
0.67 0.33 0
0.67 0.33 0
0.67 0.33 0
0.67 0.33 0
0.67 0.33 0
0.67 0.33 0
0.67 0.33 0
0.67 0.33 0
0.67 0.33 0
0.67 0.33 0
0.67 0.33 0
0.67 0.33 0
0.67 0.33 0
0.67 0.33 0
0.67 0.33 0
0.67 0.33 0
0.67 0.33 0
0.67 0.33 0
0.67 0.33 0
0.67 0.33 0
0.67 0.33 0
0.67 0.33 0
0.67 0.33 0
0.67 0.33 0
0.67 0.33 0
0.67 0.33 0
0.67 0.33 0
0.67 0.33 0
0.67 0.33 0
0.67 0.33 0
0.67 0.33 0
0.67 0.33 0
0.67 0.33 0
0.67 0.33 0
0.67 0.33 0
0.67 0.33 0
0.67 0.33 0
0.67 0.33 0
0.67 0.33 0
0.67 0.33 0
0.67 0.33 0
0.67 0.33 0
0.67 0.33 0
0.67 0.33 0
0.67 0.33 0
0.67 0.33 0
0.67 0.33 0
0.67 0.33 0
0.67 0.33 0
0.67 0.33 0
0.67 0.33 0
0.67 0.33 0
0.67 0.33 0
0.67 0.33 0
0.67 0.33 0
0.67 0.33 0
0.67 0.33 0
0.67 0.33 0
0.67 0.33 0
0.67 0.33 0
0.67 0.33 0
0.67 0.33 0
0.67 0.33 0
0.67 0.33 0
0.67 0.33 0
0.67 0.33 0
0.67 0.33 0
0.67 0.33 0
0.67 0.33 0
0.67 0.33 0
0.67 0.33 0
0.67 0.33 0
0.67 0.33 0
0.67 0.33 0
0.67 0.33 0
0.67 0.33 0
0.67 0.33 0
0.67 0.33 0
0.67 0.33 0
0.67 0.33 0
0.67 0.33 0
0.67 0.33 0
0.67 0.33 0
0.67 0.33 0
0.67 0.33 0
0.67 0.33 0
0.67 0.33 0
0.67 0.33 0
0.67 0.33 0
0.67 0.33 0
0.67 0.33 0
0.67 0.33 0
0.67 0.33 0
0.67 0.33 0
0.67 0.33 0
0.67 0.33 0
0.67 0.33 0
0.67 0.33 0
0.67 0.33 0
0.67 0.33 0
0.67 0.33 0
0.67 0.33 0
0.67 0.33 0
0.67 0.33 0
0.67 0.33 0
0.67 0.33 0
0.67 0.33 0
0.67 0.33 0
0.67 0.33 0
0.67 0.33 0
0.67 0.33 0
0.67 0.33 0
0.67 0.33 0
0.67 0.33 0
0.67 0.33 0
0.67 0.33 0
0.67 0.33 0
0.67 0.33 0
0.67 0.33 0
0.67 0.33 0
0.67 0.33 0
0.67 0.33 0
0.67 0.33 0
0.67 0.33 0
0.67 0.33 0
0.67 0.33 0
0.67 0.33 0
0.67 0.33 0
0.67 0.33 0
0.67 0.33 0
0.67 0.33 0
0.67 0.33 0
0.67 0.33 0
0.67 0.33 0
0.67 0.33 0
0.67 0.33 0
0.67 0.33 0
0.67 0.33 0
0.67 0.33 0
0.67 0.33 0
0.67 0.33 0
0.67 0.33 0
0.67 0.33 0
0.67 0.33 0
0.67 0.33 0
0.67 0.33 0
0.67 0.33 0
0.67 0.33 0
0.67 0.33 0
0.67 0.33 0
0.67 0.33 0
0.67 0.33 0
0.67 0.33 0
0.67 0.33 0
0.67 0.33 0
0.67 0.33 0
0.67 0.33 0
0.67 0.33 0
0.67 0.33 0
0.67 0.33 0
0.67 0.33 0
0.67 0.33 0
0.67 0.33 0
0.67 0.33 0
0.67 0.33 0
0.67 0.33 0
0.67 0.33 0
0.67 0.33 0
0.67 0.33 0
0.67 0.33 0
0.67 0.33 0
0.67 0.33 0
0.67 0.33 0
0.67 0.33 0
0.67 0.33 0
0.67 0.33 0
0.67 0.33 0
0.67 0.33 0
0.67 0.33 0
0.67 0.33 0
0.67 0.33 0
0.67 0.33 0
0.67 0.33 0
0.67 0.33 0
0.67 0.33 0
0.67 0.33 0
0.67 0.33 0
0.67 0.33 0
0.67 0.33 0
0.67 0.33 0
0.67 0.33 0
0.67 0.33 0
0.67 0.33 0
0.67 0.33 0
0.67 0.33 0
0.67 0.33 0
0.67 0.33 0
0.67 0.33 0
0.67 0.33 0
0.67 0.33 0
0.67 0.33 0
0.67 0.33 0
0.67 0.33 0
0.67 0.33 0
0.67 0.33 0
0.67 0.33 0
0.67 0.33 0
0.67 0.33 0
0.67 0.33 0
0.67 0.33 0
0.67 0.33 0
0.67 0.33 0
0.67 0.33 0
0.67 0.33 0
0.67 0.33 0
0.67 0.33 0
0.67 0.33 0
0.67 0.33 0
0.67 0.33 0
0.67 0.33 0
0.67 0.33 0
0.67 0.33 0
0.67 0.33 0
0.67 0.33 0
0.67 0.33 0
0.67 0.33 0
0.67 0.33 0
0.67 0.33 0
0.67 0.33 0
0.67 0.33 0
0.67 0.33 0
0.67 0.33 0
0.67 0.33 0
0.67 0.33 0
0.67 0.33 0
0.67 0.33 0
0.67 0.33 0
0.67 0.33 0
0.67 0.33 0
0.67 0.33 0
0.67 0.33 0
0.67 0.33 0
0.67 0.33 0
0.67 0.33 0
0.67 0.33 0
0.67 0.33 0
0.67 0.33 0
0.67 0.33 0
0.67 0.33 0
0.67 0.33 0
0.67 0.33 0
0.67 0.33 0
0.67 0.33 0
0.67 0.33 0
0.67 0.33 0
0.67 0.33 0
0.67 0.33 0
0.67 0.33 0
0.67 0.33 0
0.67 0.33 0
0.67 0.33 0
0.67 0.33 0
0.67 0.33 0
0.67 0.33 0
0.67 0.33 0
0.67 0.33 0
0.67 0.33 0
0.67 0.33 0
0.67 0.33 0
0.67 0.33 0
0.67 0.33 0
0.67 0.33 0
0.67 0.33 0
0.67 0.33 0
0.67 0.33 0
0.67 0.33 0
0.67 0.33 0
0.67 0.33 0
0.67 0.33 0
0.67 0.33 0
0.67 0.33 0
0.67 0.33 0
0.67 0.33 0
0.67 0.33 0
0.67 0.33 0
0.67 0.33 0
0.67 0.33 0
0.67 0.33 0
0.67 0.33 0
0.67 0.33 0
0.67 0.33 0
0.67 0.33 0
0.67 0.33 0
0.67 0.33 0
0.67 0.33 0
0.67 0.33 0
0.67 0.33 0
0.67 0.33 0
0.67 0.33 0
0.67 0.33 0
0.67 0.33 0
0.67 0.33 0
0.67 0.33 0
0.67 0.33 0
0.67 0.33 0
0.67 0.33 0
0.67 0.33 0
0.67 0.33 0
0.67 0.33 0
0.67 0.33 0
0.67 0.33 0
0.67 0.33 0
0.67 0.33 0
0.67 0.33 0
0.67 0.33 0
</Weights>
            </BorderPart>
        </Border>
        <Border Name="R_2" Red="0.627451" Green="0" Blue="0.266667">
            <BorderPart Closed="True">
                <Vertices>5081 5080 5190
5081 5190 5244
5081 5244 5190
5082 5244 5297
5297 5244 5243
5297 5243 5296
5296 5243 5242
5296 5242 5295
5296 5295 5242
5348 5295 5347
5347 5295 5294
5347 5294 5346
5347 5346 5294
5398 5346 5397
5397 5346 5345
5397 5345 5396
5396 5345 5344
5396 5344 5395
5396 5395 5344
5446 5395 5445
5445 5395 5394
5445 5394 5444
5444 5394 5393
5444 5393 5443
5444 5443 5393
5493 5443 5492
5493 5492 5443
5541 5492 5540
5540 5492 5491
5540 5491 5539
5540 5539 5491
5587 5539 5586
5586 5539 5538
5586 5538 5585
5585 5538 5537
5585 5537 5584
5585 5584 5537
5631 5584 5630
5631 5630 5584
5676 5630 5675
5675 5630 5629
5675 5629 5674
5675 5674 5629
5719 5674 5718
5719 5718 5674
5762 5718 5761
5762 5761 5718
5804 5761 5803
5803 5761 5760
5803 5760 5802
5803 5802 5760
5844 5802 5843
5843 5802 5801
5843 5801 5842
5843 5842 5801
5883 5842 5882
5882 5842 5841
5882 5841 5881
5882 5881 5841
5921 5881 5920
5920 5881 5880
5920 5880 5919
5920 5919 5880
5958 5919 5957
5958 5957 5919
5995 5957 5994
5994 5957 5956
5994 5956 5993
5994 5993 5956
6030 5993 6029
6030 6029 5993
6065 6029 6064
6065 6064 6029
6099 6064 6098
6098 6064 6063
6098 6063 6097
6098 6097 6063
6131 6097 6130
6131 6130 6097
6163 6130 6162
6163 6162 6130
6194 6162 6193
6194 6193 6162
6224 6193 6223
6223 6193 6192
6223 6192 6222
6222 6192 6191
6222 6191 6221
6222 6221 6191
6251 6221 6250
6251 6250 6221
6279 6250 6278
6278 6250 6249
6278 6249 6277
6277 6249 6248
6277 6248 6276
6276 6248 6247
6276 6247 6275
6276 6275 6247
6303 6275 6302
6302 6275 6274
6302 6274 6301
6301 6274 6273
6301 6273 6300
6300 6273 6272
6300 6272 6299
6300 6299 6272
6300 6326 6299
6327 6326 6300
6327 6352 6326
6353 6352 6327
6377 6352 6376
6377 6376 6352
6400 6376 3460
6400 3460 6376
6400 3461 3460
6423 3461 6400
6423 3462 3461
6445 3462 6423
6445 3463 3462
6445 6466 3463
6446 6466 6445
6446 6467 6466
6447 6467 6446
6447 6468 6467
6447 6448 6426
6426 6448 6447
6426 6427 6404
6404 6427 6426
6405 6427 6404
6405 6428 6427
6405 6406 6382
6382 6406 6405
6382 6383 6358
6358 6383 6382
6359 6383 6358
6359 6384 6383
6360 6384 6359
6360 6385 6384
6360 6361 6335
6335 6361 6360
6335 6336 6309
6309 6336 6335
6309 6310 6282
6282 6310 6309
6283 6310 6282
6283 6311 6310
6283 6284 6255
6255 6284 6283
6255 6256 6226
6226 6256 6255
6227 6256 6226
6227 6257 6256
6227 6228 6197
6197 6228 6227
6197 6198 6166
6166 6198 6197
6166 6167 6134
6134 6167 6166
6134 6135 6101
6101 6135 6134
6101 6102 6067
6067 6102 6101
6067 6068 6032
6032 6068 6067
6032 6033 5996
5996 6033 6032
5997 6033 5996
5997 6034 6033
5997 5998 5960
5960 5998 5997
5960 5961 5922
5922 5961 5960
5922 5923 5883
5883 5923 5922
5884 5923 5883
5884 5924 5923
5884 5885 5844
5844 5885 5884
5845 5885 5844
5845 5886 5885
5845 5846 5804
5804 5846 5845
5805 5846 5804
5805 5847 5846
5806 5847 5805
5806 5848 5847
5806 5807 5764
5764 5807 5806
5765 5807 5764
5765 5808 5807
5765 5766 5722
5722 5766 5765
5723 5766 5722
5723 5767 5766
5723 5724 5679
5679 5724 5723
5680 5724 5679
5680 5725 5724
5680 5681 5635
5635 5681 5680
5636 5681 5635
5636 5682 5681
5637 5682 5636
5637 5683 5682
5637 5638 5591
5591 5638 5637
5591 5592 5544
5544 5592 5591
5544 5545 5496
5496 5545 5544
5497 5545 5496
5497 5546 5545
5498 5546 5497
5547 5546 5498
5547 5594 5546
5547 5088 5594
5547 5087 5499
5547 5499 5498
5498 5499 5449
5449 5499 5498
5449 5450 5399
5399 5450 5449
5400 5450 5399
5400 5085 5450
5084 5085 5400
5084 30941 30945
30945 30941 30940
30945 30940 30944
30944 30940 30939
30944 30939 30943
30944 30943 30939
30947 30943 30946
30946 30943 30942
30942 30943 30938
30942 30938 30937
30942 30937 18188
30942 18188 30937
18187 18188 19773
19773 18188 19769
19769 18188 19773
19769 18189 19764
19769 19764 19763
19769 19763 19768
19768 19763 19762
19762 19763 19756
19756 19763 19762
19756 19757 19749
19756 19749 19748
19748 19749 19740
19748 19740 19739
19739 19740 19730
19739 19730 19729
19729 19730 19719
19729 19719 19718
19718 19719 19707
19718 19707 19706
19706 19707 19694
19694 19707 19706
19694 19695 19681
19694 19681 19680
19694 19680 19693
19693 19680 19679
19679 19680 19665
19665 19680 19679
19666 19680 19665
19666 19681 19680
19666 19667 19651
19666 19651 19650
19666 19650 19665
19665 19650 19649
19665 19649 19664
19664 19649 19648
19648 19649 19632
19648 19632 19631
19648 19631 19647
19647 19631 19630
19630 19631 19613
19630 19613 19612
19630 19612 19629
19629 19612 19611
19611 19612 19593
19611 19593 19592
19592 19593 19573
19592 19573 19572
19572 19573 19552
19552 19573 19572
19552 19553 19531
19531 19553 19552
19531 19532 19509
19509 19532 19531
19509 19510 19486
19486 19510 19509
19486 19487 19462
19462 19487 19486
19463 19487 19462
19463 19488 19487
19463 19464 19438
19463 19438 19437
19437 19438 19411
19411 19438 19437
19411 19412 19384
19384 19412 19411
19384 19385 19356
19356 19385 19384
19356 19357 19327
19327 19357 19356
19327 19328 19297
19327 19297 19296
19296 19297 19265
19265 19297 19296
19265 19266 19233
19233 19266 19265
19233 19234 19200
19233 19200 19199
19199 19200 19165
19165 19200 19199
19165 19166 19130
19165 19130 19129
19129 19130 19093
19129 19093 19092
19092 19093 19055
19055 19093 19092
19055 19056 19017
19017 19056 19055
19017 19018 18978
18978 19018 19017
18978 18979 18938
18978 18938 18937
18937 18938 18896
18896 18938 18937
18896 18897 18854
18896 18854 18853
18853 18854 18810
18810 18854 18853
18810 18811 18766
18810 18766 18765
18765 18766 18720
18720 18766 18765
18720 18721 18674
18674 18721 18720
18674 18675 18627
18674 18627 18626
18626 18627 18578
18578 18627 18626
18578 18579 18529
18529 18579 18578
18529 18530 18479
18479 18530 18529
18479 18480 18428
18428 18480 18479
18428 18429 18376
18376 18429 18428
18376 18377 18323
18323 18377 18376
18323 18324 18269
18269 18324 18323
18269 18270 10117
10117 18270 18269
10117 10116 11419
10117 11419 11393
11393 11419 10117
11393 11394 11367
11393 11367 11366
11393 11366 10118
10118 11366 10119
10119 11366 11338
10119 11338 10120
10119 10120 11338
18267 10120 18266
18266 10120 10121
18266 10121 18265
18266 18265 10121
18320 18265 18319
18319 18265 18264
18319 18264 18318
18319 18318 18264
18372 18318 18371
18371 18318 18317
18371 18317 18370
18371 18370 18317
18423 18370 18422
18422 18370 18369
18422 18369 18421
18422 18421 18369
18473 18421 18472
18473 18472 18421
18523 18472 18522
18523 18522 18472
18523 18572 18522
18573 18572 18523
18621 18572 18620
18621 18620 18572
18621 18668 18620
18669 18668 18621
18669 18715 18668
18716 18715 18669
18761 18715 18760
18761 18760 18715
18761 18805 18760
18761 18806 18805
18762 18806 18761
18807 18806 18762
18807 18850 18806
18851 18850 18807
18893 18850 18892
18893 18892 18850
18893 18934 18892
18935 18934 18893
18975 18934 18974
18975 18974 18934
19014 18974 19013
19013 18974 18973
19013 18973 19012
19013 19012 18973
19051 19012 19050
19051 19050 19012
19088 19050 19087
19087 19050 19049
19087 19049 19086
19087 19086 19049
19123 19086 19122
19123 19122 19086
19158 19122 19157
19157 19122 19121
19157 19121 19156
19156 19121 19120
19156 19120 19155
19156 19155 19120
19156 19190 19155
19191 19190 19156
19224 19190 19223
19224 19223 19190
19256 19223 19255
19256 19255 19223
19287 19255 19286
19287 19286 19255
19287 19317 19286
19318 19317 19287
19347 19317 19346
19347 19346 19317
19375 19346 19374
19375 19374 19346
19402 19374 16615
19402 16615 19374
19402 16614 16615
19429 16614 19402
16613 16614 17858
16613 17858 17883
16613 17883 17858
16612 17883 17907
17907 17883 17882
17907 17882 17906
17907 17906 17882
17907 17930 17906
16611 17930 17907
16610 17930 17952
17952 17930 17929
17929 17930 17906
17929 17906 17905
17929 17905 17928
17929 17928 17905
17951 17928 17950
17950 17928 17927
17950 17927 17949
17949 17927 17926
17949 17926 17948
17949 17948 17926
17970 17948 17969
17970 17969 17948
17990 17969 17989
17989 17969 17968
17989 17968 17988
17989 17988 17968
17989 18008 17988
18009 18008 17989
18027 18008 18026
18027 18026 18008
18027 18044 18026
18045 18044 18027
18045 18061 18044
18062 18061 18045
18077 18061 18076
18077 18076 18061
18077 18091 18076
18092 18091 18077
18105 18091 18104
18105 18104 18091
18105 18117 18104
16600 18117 18105
16599 18117 18128
16599 18128 18117
16599 16598 18128
19714 16598 16599
19714 19725 16598
19715 19725 19714
19726 19725 19715
19726 19735 19725
19726 19736 19735
19727 19736 19726
19737 19736 19727
19745 19736 19744
19745 19744 19736
19745 19752 19744
19753 19752 19745
19753 19759 19752
19760 19759 19753
19760 19765 19759
19760 19766 19765
19761 19766 19760
19767 19766 19761
19767 19771 19766
19772 19771 19767
19775 19771 19774
19775 19774 19771
19775 19777 19774
19778 19777 19775
19778 19779 19777
18185 19779 19778
18185 18184 19779
18185 30951 30949
30949 30951 18185
30950 30951 30949
5081 30951 30950
</Vertices>
                <Weights>0.67 0.33 0
0.67 0.33 0
0.67 0.33 0
0.67 0.33 0
0.67 0.33 0
0.67 0.33 0
0.67 0.33 0
0.67 0.33 0
0.67 0.33 0
0.67 0.33 0
0.67 0.33 0
0.67 0.33 0
0.67 0.33 0
0.67 0.33 0
0.67 0.33 0
0.67 0.33 0
0.67 0.33 0
0.67 0.33 0
0.67 0.33 0
0.67 0.33 0
0.67 0.33 0
0.67 0.33 0
0.67 0.33 0
0.67 0.33 0
0.67 0.33 0
0.67 0.33 0
0.67 0.33 0
0.67 0.33 0
0.67 0.33 0
0.67 0.33 0
0.67 0.33 0
0.67 0.33 0
0.67 0.33 0
0.67 0.33 0
0.67 0.33 0
0.67 0.33 0
0.67 0.33 0
0.67 0.33 0
0.67 0.33 0
0.67 0.33 0
0.67 0.33 0
0.67 0.33 0
0.67 0.33 0
0.67 0.33 0
0.67 0.33 0
0.67 0.33 0
0.67 0.33 0
0.67 0.33 0
0.67 0.33 0
0.67 0.33 0
0.67 0.33 0
0.67 0.33 0
0.67 0.33 0
0.67 0.33 0
0.67 0.33 0
0.67 0.33 0
0.67 0.33 0
0.67 0.33 0
0.67 0.33 0
0.67 0.33 0
0.67 0.33 0
0.67 0.33 0
0.67 0.33 0
0.67 0.33 0
0.67 0.33 0
0.67 0.33 0
0.67 0.33 0
0.67 0.33 0
0.67 0.33 0
0.67 0.33 0
0.67 0.33 0
0.67 0.33 0
0.67 0.33 0
0.67 0.33 0
0.67 0.33 0
0.67 0.33 0
0.67 0.33 0
0.67 0.33 0
0.67 0.33 0
0.67 0.33 0
0.67 0.33 0
0.67 0.33 0
0.67 0.33 0
0.67 0.33 0
0.67 0.33 0
0.67 0.33 0
0.67 0.33 0
0.67 0.33 0
0.67 0.33 0
0.67 0.33 0
0.67 0.33 0
0.67 0.33 0
0.67 0.33 0
0.67 0.33 0
0.67 0.33 0
0.67 0.33 0
0.67 0.33 0
0.67 0.33 0
0.67 0.33 0
0.67 0.33 0
0.67 0.33 0
0.67 0.33 0
0.67 0.33 0
0.67 0.33 0
0.67 0.33 0
0.67 0.33 0
0.67 0.33 0
0.67 0.33 0
0.67 0.33 0
0.67 0.33 0
0.67 0.33 0
0.67 0.33 0
0.67 0.33 0
0.67 0.33 0
0.67 0.33 0
0.67 0.33 0
0.67 0.33 0
0.67 0.33 0
0.67 0.33 0
0.67 0.33 0
0.67 0.33 0
0.67 0.33 0
0.67 0.33 0
0.67 0.33 0
0.67 0.33 0
0.67 0.33 0
0.67 0.33 0
0.67 0.33 0
0.67 0.33 0
0.67 0.33 0
0.67 0.33 0
0.67 0.33 0
0.67 0.33 0
0.67 0.33 0
0.67 0.33 0
0.67 0.33 0
0.67 0.33 0
0.67 0.33 0
0.67 0.33 0
0.67 0.33 0
0.67 0.33 0
0.67 0.33 0
0.67 0.33 0
0.67 0.33 0
0.67 0.33 0
0.67 0.33 0
0.67 0.33 0
0.67 0.33 0
0.67 0.33 0
0.67 0.33 0
0.67 0.33 0
0.67 0.33 0
0.67 0.33 0
0.67 0.33 0
0.67 0.33 0
0.67 0.33 0
0.67 0.33 0
0.67 0.33 0
0.67 0.33 0
0.67 0.33 0
0.67 0.33 0
0.67 0.33 0
0.67 0.33 0
0.67 0.33 0
0.67 0.33 0
0.67 0.33 0
0.67 0.33 0
0.67 0.33 0
0.67 0.33 0
0.67 0.33 0
0.67 0.33 0
0.67 0.33 0
0.67 0.33 0
0.67 0.33 0
0.67 0.33 0
0.67 0.33 0
0.67 0.33 0
0.67 0.33 0
0.67 0.33 0
0.67 0.33 0
0.67 0.33 0
0.67 0.33 0
0.67 0.33 0
0.67 0.33 0
0.67 0.33 0
0.67 0.33 0
0.67 0.33 0
0.67 0.33 0
0.67 0.33 0
0.67 0.33 0
0.67 0.33 0
0.67 0.33 0
0.67 0.33 0
0.67 0.33 0
0.67 0.33 0
0.67 0.33 0
0.67 0.33 0
0.67 0.33 0
0.67 0.33 0
0.67 0.33 0
0.67 0.33 0
0.67 0.33 0
0.67 0.33 0
0.67 0.33 0
0.67 0.33 0
0.67 0.33 0
0.67 0.33 0
0.67 0.33 0
0.67 0.33 0
0.67 0.33 0
0.67 0.33 0
0.67 0.33 0
0.67 0.33 0
0.67 0.33 0
0.67 0.33 0
0.67 0.33 0
0.67 0.33 0
0.67 0.33 0
0.67 0.33 0
0.67 0.33 0
0.67 0.33 0
0.67 0.33 0
0.67 0.33 0
0.67 0.33 0
0.67 0.33 0
0.67 0.33 0
0.67 0.33 0
0.67 0.33 0
0.67 0.33 0
0.67 0.33 0
0.67 0.33 0
0.67 0.33 0
0.67 0.33 0
0.67 0.33 0
0.67 0.33 0
0.67 0.33 0
0.67 0.33 0
0.67 0.33 0
0.67 0.33 0
0.67 0.33 0
0.67 0.33 0
0.67 0.33 0
0.67 0.33 0
0.67 0.33 0
0.67 0.33 0
0.67 0.33 0
0.67 0.33 0
0.67 0.33 0
0.67 0.33 0
0.67 0.33 0
0.67 0.33 0
0.67 0.33 0
0.67 0.33 0
0.67 0.33 0
0.67 0.33 0
0.67 0.33 0
0.67 0.33 0
0.67 0.33 0
0.67 0.33 0
0.67 0.33 0
0.67 0.33 0
0.67 0.33 0
0.67 0.33 0
0.67 0.33 0
0.67 0.33 0
0.67 0.33 0
0.67 0.33 0
0.67 0.33 0
0.67 0.33 0
0.67 0.33 0
0.67 0.33 0
0.67 0.33 0
0.67 0.33 0
0.67 0.33 0
0.67 0.33 0
0.67 0.33 0
0.67 0.33 0
0.67 0.33 0
0.67 0.33 0
0.67 0.33 0
0.67 0.33 0
0.67 0.33 0
0.67 0.33 0
0.67 0.33 0
0.67 0.33 0
0.67 0.33 0
0.67 0.33 0
0.67 0.33 0
0.67 0.33 0
0.67 0.33 0
0.67 0.33 0
0.67 0.33 0
0.67 0.33 0
0.67 0.33 0
0.67 0.33 0
0.67 0.33 0
0.67 0.33 0
0.67 0.33 0
0.67 0.33 0
0.67 0.33 0
0.67 0.33 0
0.67 0.33 0
0.67 0.33 0
0.67 0.33 0
0.67 0.33 0
0.67 0.33 0
0.67 0.33 0
0.67 0.33 0
0.67 0.33 0
0.67 0.33 0
0.67 0.33 0
0.67 0.33 0
0.67 0.33 0
0.67 0.33 0
0.67 0.33 0
0.67 0.33 0
0.67 0.33 0
0.67 0.33 0
0.67 0.33 0
0.67 0.33 0
0.67 0.33 0
0.67 0.33 0
0.67 0.33 0
0.67 0.33 0
0.67 0.33 0
0.67 0.33 0
0.67 0.33 0
0.67 0.33 0
0.67 0.33 0
0.67 0.33 0
0.67 0.33 0
0.67 0.33 0
0.67 0.33 0
0.67 0.33 0
0.67 0.33 0
0.67 0.33 0
0.67 0.33 0
0.67 0.33 0
0.67 0.33 0
0.67 0.33 0
0.67 0.33 0
0.67 0.33 0
0.67 0.33 0
0.67 0.33 0
0.67 0.33 0
0.67 0.33 0
0.67 0.33 0
0.67 0.33 0
0.67 0.33 0
0.67 0.33 0
0.67 0.33 0
0.67 0.33 0
0.67 0.33 0
0.67 0.33 0
0.67 0.33 0
0.67 0.33 0
0.67 0.33 0
0.67 0.33 0
0.67 0.33 0
0.67 0.33 0
0.67 0.33 0
0.67 0.33 0
0.67 0.33 0
0.67 0.33 0
0.67 0.33 0
0.67 0.33 0
0.67 0.33 0
0.67 0.33 0
0.67 0.33 0
0.67 0.33 0
0.67 0.33 0
0.67 0.33 0
0.67 0.33 0
0.67 0.33 0
0.67 0.33 0
0.67 0.33 0
0.67 0.33 0
0.67 0.33 0
0.67 0.33 0
0.67 0.33 0
0.67 0.33 0
0.67 0.33 0
0.67 0.33 0
0.67 0.33 0
0.67 0.33 0
0.67 0.33 0
0.67 0.33 0
0.67 0.33 0
0.67 0.33 0
0.67 0.33 0
0.67 0.33 0
0.67 0.33 0
0.67 0.33 0
0.67 0.33 0
0.67 0.33 0
0.67 0.33 0
0.67 0.33 0
0.67 0.33 0
0.67 0.33 0
0.67 0.33 0
0.67 0.33 0
0.67 0.33 0
0.67 0.33 0
0.67 0.33 0
0.67 0.33 0
0.67 0.33 0
0.67 0.33 0
0.67 0.33 0
0.67 0.33 0
0.67 0.33 0
0.67 0.33 0
0.67 0.33 0
0.67 0.33 0
0.67 0.33 0
0.67 0.33 0
0.67 0.33 0
0.67 0.33 0
0.67 0.33 0
0.67 0.33 0
0.67 0.33 0
0.67 0.33 0
0.67 0.33 0
0.67 0.33 0
0.67 0.33 0
0.67 0.33 0
0.67 0.33 0
0.67 0.33 0
0.67 0.33 0
0.67 0.33 0
0.67 0.33 0
0.67 0.33 0
0.67 0.33 0
0.67 0.33 0
0.67 0.33 0
0.67 0.33 0
0.67 0.33 0
0.67 0.33 0
0.67 0.33 0
0.67 0.33 0
0.67 0.33 0
0.67 0.33 0
0.67 0.33 0
0.67 0.33 0
0.67 0.33 0
0.67 0.33 0
0.67 0.33 0
0.67 0.33 0
0.67 0.33 0
0.67 0.33 0
0.67 0.33 0
0.67 0.33 0
0.67 0.33 0
0.67 0.33 0
0.67 0.33 0
0.67 0.33 0
0.67 0.33 0
0.67 0.33 0
0.67 0.33 0
0.67 0.33 0
0.67 0.33 0
0.67 0.33 0
0.67 0.33 0
0.67 0.33 0
0.67 0.33 0
0.67 0.33 0
0.67 0.33 0
0.67 0.33 0
0.67 0.33 0
0.67 0.33 0
0.67 0.33 0
0.67 0.33 0
0.67 0.33 0
0.67 0.33 0
0.67 0.33 0
0.67 0.33 0
0.67 0.33 0
0.67 0.33 0
0.67 0.33 0
0.67 0.33 0
0.67 0.33 0
0.67 0.33 0
0.67 0.33 0
0.67 0.33 0
0.67 0.33 0
0.67 0.33 0
0.67 0.33 0
0.67 0.33 0
0.67 0.33 0
0.67 0.33 0
0.67 0.33 0
0.67 0.33 0
0.67 0.33 0
0.67 0.33 0
0.67 0.33 0
0.67 0.33 0
0.67 0.33 0
0.67 0.33 0
0.67 0.33 0
0.67 0.33 0
0.67 0.33 0
0.67 0.33 0
0.67 0.33 0
0.67 0.33 0
0.67 0.33 0
0.67 0.33 0
0.67 0.33 0
0.67 0.33 0
0.67 0.33 0
0.67 0.33 0
0.67 0.33 0
0.67 0.33 0
0.67 0.33 0
0.67 0.33 0
0.67 0.33 0
0.67 0.33 0
0.67 0.33 0
0.67 0.33 0
0.67 0.33 0
0.67 0.33 0
0.67 0.33 0
0.67 0.33 0
0.67 0.33 0
0.67 0.33 0
0.67 0.33 0
</Weights>
            </BorderPart>
        </Border>
        <Border Name="R_3" Red="0.266667" Green="0.768627" Blue="0.772549">
            <BorderPart Closed="True">
                <Vertices>3471 3470 4945
3471 4945 4957
4957 4945 4944
4957 4944 4956
4956 4944 4943
4943 4944 4930
4943 4930 4929
4943 4929 4942
4942 4929 4928
4928 4929 4914
4914 4929 4928
4914 4915 4899
4914 4899 4898
4914 4898 4913
4913 4898 4897
4897 4898 4881
4881 4898 4897
4881 4882 4864
4881 4864 4863
4881 4863 4880
4880 4863 4862
4880 4862 4879
4879 4862 4861
4879 4861 4878
4878 4861 4860
4878 4860 4877
4878 4877 4860
4894 4877 4893
4893 4877 4876
4893 4876 4892
4893 4892 4876
4908 4892 4907
4908 4907 4892
4922 4907 4921
4922 4921 4907
4935 4921 4934
4935 4934 4921
4935 4947 4934
4948 4947 4935
4959 4947 4958
4959 4958 4947
4959 4969 4958
4970 4969 4959
4970 4979 4969
4970 4980 4979
4971 4980 4970
4981 4980 4971
4981 4989 4980
4990 4989 4981
4990 4997 4989
4998 4997 4990
4998 5004 4997
4998 5005 5004
4999 5005 4998
5006 5005 4999
5006 5011 5005
5006 5012 5011
5007 5012 5006
5013 5012 5007
5013 5017 5012
5013 3479 5017
3478 3479 5013
3478 6661 6655
3478 6655 3477
3477 6655 6648
6648 6655 3477
6648 6649 6641
6648 6641 6640
6640 6641 6632
6632 6641 6640
6632 6633 6623
6623 6633 6632
6623 6624 6613
6613 6624 6623
6613 6614 6602
6602 6614 6613
6602 6603 6590
6590 6603 6602
6591 6603 6590
6591 6604 6603
6591 6592 6578
6578 6592 6591
6578 6579 6564
6564 6579 6578
6564 6565 6549
6549 6565 6564
6550 6565 6549
6550 6566 6565
6550 6551 6534
6534 6551 6550
6534 6535 6517
6517 6535 6534
6517 6518 6499
6499 6518 6517
6499 6500 6480
6480 6500 6499
6480 6481 6460
6460 6481 6480
6460 6461 6439
6439 6461 6460
6439 6440 6417
6439 6417 6416
6416 6417 6393
6393 6417 6416
6394 6417 6393
6394 6418 6417
6394 6395 6370
6370 6395 6394
6370 6371 6345
6345 6371 6370
6345 6346 6319
6319 6346 6345
6319 6320 6292
6292 6320 6319
6293 6320 6292
6293 6321 6320
6293 6294 6265
6265 6294 6293
6266 6294 6265
6295 6294 6266
6295 6322 6294
6295 6323 6322
6296 6323 6295
6296 6324 6323
6297 6324 6296
6297 5108 6324
5107 5108 6297
5107 30573 30600
5107 30600 30573
5106 30600 30626
30626 30600 30599
30626 30599 30625
30625 30599 30598
30625 30598 30624
30625 30624 30598
30650 30624 30649
30650 30649 30624
30674 30649 30673
30674 30673 30649
30697 30673 30696
30696 30673 30672
30696 30672 30695
30696 30695 30672
30718 30695 30717
30717 30695 30694
30717 30694 30716
30717 30716 30694
30738 30716 30737
30737 30716 30715
30737 30715 30736
30736 30715 30714
30736 30714 30735
30735 30714 30713
30735 30713 30734
30735 30734 30713
30755 30734 30754
30754 30734 30733
30754 30733 30753
30754 30753 30733
30773 30753 30772
30773 30772 30753
30791 30772 30790
30790 30772 30771
30771 30772 30752
30771 30752 30751
30771 30751 30770
30771 30770 30751
30789 30770 30788
30788 30770 30769
30788 30769 30787
30787 30769 30768
30787 30768 30786
30786 30768 30767
30786 30767 30785
30785 30767 30766
30785 30766 30784
30784 30766 30765
30784 30765 30783
30784 30783 30765
30801 30783 30800
30800 30783 30782
30800 30782 30799
30799 30782 30781
30799 30781 18201
18201 30781 18202
18201 18202 19626
19626 18202 19608
19626 19608 19607
19607 19608 19588
19588 19608 19607
19588 19589 19568
19588 19568 19567
19567 19568 19546
19546 19568 19567
19546 19547 19524
19524 19547 19546
19524 19525 19501
19524 19501 19500
19500 19501 19476
19476 19501 19500
19476 19477 19451
19451 19477 19476
19451 19452 19425
19451 19425 19424
19424 19425 19397
19397 19425 19424
19397 19398 19369
19397 19369 19368
19368 19369 19339
19339 19369 19368
19339 19340 19309
19339 19309 19308
19308 19309 19277
19308 19277 19276
19276 19277 19244
19276 19244 19243
19243 19244 19210
19210 19244 19243
19210 19211 19176
19210 19176 19175
19175 19176 19140
19175 19140 19139
19139 19140 19103
19139 19103 19102
19139 19102 19138
19138 19102 19101
19101 19102 19064
19101 19064 19063
19063 19064 19025
19063 19025 19024
19024 19025 18985
19024 18985 18984
18984 18985 18944
18984 18944 18943
18943 18944 18902
18943 18902 18901
18901 18902 18859
18901 18859 18858
18858 18859 18815
18858 18815 18814
18814 18815 18770
18770 18815 18814
18771 18815 18770
18771 18816 18815
18772 18816 18771
18772 18817 18816
18772 18773 18727
18772 18727 18726
18726 18727 18680
18726 18680 18679
18679 18680 18632
18632 18680 18679
18632 18633 18584
18632 18584 18583
18583 18584 18534
18583 18534 18533
18533 18534 18483
18533 18483 18482
18533 18482 18532
18532 18482 18481
18481 18482 18430
18481 18430 18429
18429 18430 18377
18377 18430 18429
18377 18378 18324
18377 18324 18323
18377 18323 18376
18377 18376 18323
18429 18376 18428
18429 18428 18376
18480 18428 18479
18480 18479 18428
18530 18479 18529
18530 18529 18479
18579 18529 18578
18579 18578 18529
18627 18578 18626
18627 18626 18578
18627 18674 18626
18675 18674 18627
18721 18674 18720
18721 18720 18674
18766 18720 18765
18766 18765 18720
18766 18810 18765
18811 18810 18766
18854 18810 18853
18854 18853 18810
18854 18896 18853
18897 18896 18854
18938 18896 18937
18938 18937 18896
18938 18978 18937
18979 18978 18938
19018 18978 19017
19018 19017 18978
19056 19017 19055
19056 19055 19017
19093 19055 19092
19093 19092 19055
19093 19129 19092
19130 19129 19093
19130 19165 19129
19166 19165 19130
19200 19165 19199
19200 19199 19165
19200 19233 19199
19234 19233 19200
19266 19233 19265
19266 19265 19233
19297 19265 19296
19297 19296 19265
19297 19327 19296
19328 19327 19297
19357 19327 19356
19357 19356 19327
19385 19356 19384
19385 19384 19356
19412 19384 19411
19412 19411 19384
19438 19411 19437
19438 19437 19411
19438 19463 19437
19438 19464 19463
19439 19464 19438
19465 19464 19439
19465 19489 19464
19490 19489 19465
19490 19513 19489
19490 19514 19513
19491 19514 19490
19515 19514 19491
19515 19537 19514
19538 19537 19515
19538 19559 19537
19560 19559 19538
19560 19580 19559
19581 19580 19560
19581 19600 19580
19581 19601 19600
19582 19601 19581
19602 19601 19582
19620 19601 19619
19620 19619 19601
19620 19637 19619
19638 19637 19620
19638 19654 19637
19655 19654 19638
19670 19654 19669
19670 19669 19654
19670 19684 19669
19685 19684 19670
19685 19698 19684
19699 19698 19685
19699 19711 19698
19712 19711 19699
19723 19711 19722
19723 19722 19711
19733 19722 19732
19733 19732 19722
19733 19742 19732
19733 19743 19742
19734 19743 19733
18193 19743 19734
18193 18192 19743
30907 18192 18193
30907 30916 18192
30908 30916 30907
30917 30916 30908
30917 30924 30916
30917 30925 30924
30918 30925 30917
30918 30926 30925
30918 30919 30910
30910 30919 30918
30911 30919 30910
30911 30920 30919
30912 30920 30911
30912 30921 30920
30912 30913 30903
30903 30913 30912
30904 30913 30903
30904 30914 30913
30904 30905 30894
30894 30905 30904
30895 30905 30894
30895 30906 30905
30896 30906 30895
30896 5090 30906
30896 5091 30885
30885 5091 30896
5092 5091 5729
5092 5729 5772
5092 5772 5729
5093 5772 5814
5814 5772 5771
5814 5771 5813
5813 5771 5770
5813 5770 5812
5813 5812 5770
5854 5812 5853
5853 5812 5811
5853 5811 5852
5853 5852 5811
5893 5852 5892
5892 5852 5851
5892 5851 5891
5891 5851 5850
5891 5850 5890
5891 5890 5850
5930 5890 5929
5929 5890 5889
5929 5889 5928
5928 5889 5888
5928 5888 5927
5928 5927 5888
5966 5927 5965
5965 5927 5926
